Feature	Gain	Cover	Frequency
ctrx_quarter	0.107545090694082	0.044856147572343	0.00961199294532628
mcaja_ahorro	0.0915667502856448	0.0428991599271164	0.00987654320987654
mtarjeta_visa_consumo	0.0598193670047529	0.0404353753321674	0.0104056437389771
Visa_status	0.0566844495867737	0.00724742566243331	0.0027336860670194
mcuenta_corriente	0.0367503649317637	0.0124080857989577	0.0120811287477954
cdescubierto_preacordado	0.0297642956346708	0.00936330319330663	0.00493827160493827
mcuentas_saldo	0.0241192039951853	0.0398570298273346	0.0145502645502646
ctrx_quarter_lag1	0.0206229114044145	0.00587689873705708	0.00529100529100529
cpayroll_trx	0.0205038337716098	0.0249195360484088	0.00687830687830688
ctarjeta_visa_transacciones	0.0165092456742269	0.0243590794542346	0.00731922398589065
mprestamos_personales	0.0156258106546896	0.0210048626368385	0.0151675485008818
mpasivos_margen	0.0138889617721743	0.0144831569102126	0.00961199294532628
mcaja_ahorro_lag1	0.0134156906091103	0.00819446593932983	0.00634920634920635
foto_mes	0.0110172317546119	0.00844591711696306	0.0177248677248677
ctrx_quarter_delta1	0.0105713190030556	0.0209462027441816	0.0153439153439153
mpayroll	0.00929862606408566	0.0171940692931349	0.00679012345679012
Visa_mpagominimo	0.00894769765034343	0.0238168803219686	0.0138447971781305
ctrx_quarter_delta2	0.00882168114230268	0.00923816055334171	0.0111992945326279
ctarjeta_visa	0.0081008604919207	0.00184096842057277	0.00114638447971781
Visa_mpagominimo_delta1	0.00809538321936471	0.00509391160706517	0.00767195767195767
mpayroll_sobre_edad	0.00791763745635798	0.0322469656821236	0.00740740740740741
cproductos	0.00791567714818792	0.0330528986711715	0.0099647266313933
Visa_mconsumototal	0.00770130741244516	0.00333155445930144	0.00485008818342152
Master_status	0.00744040791997859	0.00512208097133326	0.00185185185185185
mcuenta_corriente_lag1	0.00636422632764942	0.00618654557452306	0.0054673721340388
ccomisiones_mantenimiento_delta2	0.00588269850826173	0.00715514787140816	0.00493827160493827
mprestamos_personales_lag1	0.0053863467321938	0.00228782440766939	0.00335097001763668
mprestamos_personales_delta2	0.00471365858034416	0.01299757289157	0.00776014109347443
mcuentas_saldo_delta2	0.00467553712740804	0.0068356954444429	0.00855379188712522
mrentabilidad	0.00437010447666108	0.000675570387632849	0.00520282186948854
mrentabilidad_annual_lag2	0.00434267399687074	0.00393043606501913	0.0082010582010582
mcomisiones_lag2	0.00402480928007266	0.00320559321031074	0.00758377425044092
mcuentas_saldo_lag1	0.00400225700772604	0.00758156166731338	0.00714285714285714
numero_de_cliente	0.0040020712298047	0.00247805178082688	0.008994708994709
mcuenta_corriente_delta2	0.00393572336508557	0.00278185495472787	0.0064373897707231
cprestamos_personales_lag2	0.00393165628622435	0.000131705687219229	0.000705467372134039
Visa_cconsumos	0.00386012131711093	0.00139102050111687	0.00485008818342152
internet	0.00383371566308027	0.00551198693094588	0.0044973544973545
mrentabilidad_annual_delta1	0.00380224012832147	0.00386987140027844	0.00758377425044092
mcuentas_saldo_delta1	0.00376537565194223	0.0115591421703172	0.00661375661375661
Visa_fultimo_cierre	0.00373644501294928	0.00105173363814601	0.00423280423280423
Visa_Fvencimiento	0.00372172445918967	0.00191647004221244	0.00582010582010582
mrentabilidad_annual	0.00370644686933297	0.00184725328250879	0.00758377425044092
cproductos_delta2	0.00369176120058185	0.0139500439837566	0.00520282186948854
mrentabilidad_annual_lag1	0.00367010244652873	0.00484456188030765	0.00846560846560847
Master_fechaalta_lag2	0.00361328220330608	0.00117166517606586	0.00608465608465609
Visa_msaldototal	0.00343069859787799	0.00490838149046038	0.00467372134038801
mpayroll_lag1	0.00342816680724555	0.00463047612937498	0.00423280423280423
cliente_antiguedad	0.00338980729863072	0.00960359683623133	0.0072310405643739
cprestamos_personales_delta2	0.00331205454380453	0.00950844682609192	0.00282186948853616
Visa_mpagominimo_lag1	0.00319867258888951	0.0031983090074861	0.0054673721340388
mactivos_margen	0.00319781865856919	0.00408208427298546	0.00793650793650794
cliente_edad_lag2	0.00313084035429557	0.00135886972022339	0.00555555555555556
cliente_edad	0.00306195354195764	0.00438301345589118	0.00811287477954145
mprestamos_personales_delta1	0.00301703756840928	0.0080415171707035	0.00564373897707231
mprestamos_personales_lag2	0.00299286571963079	0.00103503188776288	0.00229276895943563
Visa_fechaalta	0.00297428654992158	0.00313541963486267	0.00670194003527337
Master_Fvencimiento	0.00295890158450196	0.00433634565389766	0.00731922398589065
cproductos_delta1	0.00293318183039662	0.00465471723344793	0.00317460317460317
Master_fechaalta	0.00292188903179682	0.00441710976213164	0.00679012345679012
mttarjeta_visa_debitos_automaticos_lag2	0.00289186704800021	0.00587820992900314	0.00696649029982363
ccomisiones_mantenimiento_delta1	0.00286199136577686	0.00296112501573076	0.0027336860670194
mactivos_margen_delta2	0.00281681209283522	0.00123524026663946	0.00493827160493827
Visa_mpagominimo_lag2	0.00280892089883487	0.00223880354769701	0.00467372134038801
chomebanking_transacciones_delta2	0.00274435264373938	0.00464330809163624	0.00705467372134039
mtarjeta_master_consumo	0.00272731580415896	0.00898778313559945	0.00396825396825397
Master_msaldototal	0.00268231104452151	0.00727457087947867	0.00573192239858907
kmes_lag2	0.00267288793873546	0.00551334419179815	0.00608465608465609
Master_Fvencimiento_lag1	0.0026371408486911	0.00267177330333251	0.00679012345679012
Visa_status_delta1	0.00261120064365708	9.07752359302088e-05	0.000529100529100529
Visa_mfinanciacion_limite	0.00260301355486757	0.00171237770016592	0.00617283950617284
Master_mfinanciacion_limite	0.00259340352981512	0.00214589142327093	0.00537918871252205
Visa_mpagominimo_delta2	0.00256942693151627	0.00171242731283415	0.00423280423280423
Visa_fechaalta_lag2	0.00256904175827612	0.00275998817120589	0.00652557319223986
Master_mlimitecompra	0.00255709011975314	0.00182969571359871	0.00458553791887125
mttarjeta_visa_debitos_automaticos_lag1	0.00255640867877484	0.00252180483856194	0.00608465608465609
cprestamos_personales_delta1	0.0025434353322073	0.0014936017802046	0.000705467372134039
mpasivos_margen_lag2	0.00252402511445892	0.00165500950876399	0.00599647266313933
mcuentas_saldo_lag2	0.00252273186406956	0.00330201188725201	0.00529100529100529
Visa_mfinanciacion_limite_lag2	0.00247714887946729	0.00199923991974768	0.00458553791887125
mactivos_margen_lag1	0.00243918052252554	0.00981580616517634	0.00634920634920635
mpasivos_margen_lag1	0.0024147959327384	0.000681155356570641	0.00343915343915344
mcaja_ahorro_delta2	0.00238658576889796	0.00472712869460933	0.00599647266313933
mttarjeta_visa_debitos_automaticos	0.00235899474797836	0.00169529322348503	0.00555555555555556
ctrx_quarter_lag2	0.00234041441875255	0.00140388612911728	0.00440917107583774
chomebanking_transacciones_lag2	0.00233880388308885	0.00249933029985415	0.00617283950617284
ctarjeta_visa_transacciones_delta2	0.00233853619656937	0.00737638139032784	0.00467372134038801
mcuenta_corriente_delta1	0.00232325939933745	0.000660511170944304	0.00388007054673721
ccallcenter_transacciones_delta2	0.00228158669666734	0.00510616947987978	0.00537918871252205
Visa_fechaalta_lag1	0.00227134840226011	0.00240776126123227	0.00467372134038801
mtransferencias_recibidas	0.00226974732617505	0.011053693622042	0.00537918871252205
Master_Fvencimiento_lag2	0.00226107994138465	0.00221979658012223	0.0054673721340388
mttarjeta_visa_debitos_automaticos_delta1	0.00225080851076223	0.00117039828114501	0.0054673721340388
internet_lag1	0.0021667055984247	0.0112412950675454	0.00485008818342152
cliente_edad_lag1	0.00214883784146705	0.0031287360996998	0.0054673721340388
mrentabilidad_annual_delta2	0.00211943415085598	0.0018095122170345	0.00432098765432099
ccallcenter_transacciones	0.00206241541050723	0.00473749065474519	0.00458553791887125
Visa_Fvencimiento_lag1	0.00202910555424789	0.000730622730557086	0.00440917107583774
mcaja_ahorro_delta1	0.00202644087868752	0.000943349448756478	0.00396825396825397
Visa_msaldototal_delta2	0.00201778969597822	0.00142806521735494	0.00485008818342152
cliente_antiguedad_lag2	0.00201032406187314	0.00164989408829337	0.00467372134038801
mcomisiones_lag1	0.00200428411052775	0.00100853695104752	0.00511463844797178
cliente_antiguedad_lag1	0.00198928812917744	0.00317055780713594	0.00440917107583774
mactivos_margen_lag2	0.00198826155722038	0.00814472569566813	0.00493827160493827
mtransferencias_recibidas_lag1	0.00196854082612068	0.00566577379928909	0.00423280423280423
mcomisiones_mantenimiento_delta2	0.00195386051450927	0.00160394389810817	0.00361552028218695
Visa_status_delta2	0.00194665689913736	0.00113196795395854	0.000529100529100529
mcaja_ahorro_lag2	0.00194114940127201	0.00368966047046021	0.00520282186948854
Visa_Fvencimiento_lag2	0.00193720115036333	0.000648540342853022	0.00502645502645503
Master_mpagominimo_delta2	0.00193540389618535	0.0059553540843374	0.00396825396825397
chomebanking_transacciones_delta1	0.00192863037839902	0.0023646549400652	0.00467372134038801
Master_fultimo_cierre	0.00192811860065737	0.00396884867339552	0.00493827160493827
mpayroll_delta2	0.00192639951087732	0.00599084308905029	0.00467372134038801
mrentabilidad_lag1	0.00190677278282605	0.000771484078486788	0.00379188712522046
mcomisiones_mantenimiento	0.001873774263694	0.00472312601541185	0.00476190476190476
Visa_mlimitecompra_lag2	0.00181703837011152	0.00217910887653133	0.00361552028218695
Visa_mfinanciacion_limite_delta1	0.00178637481107457	0.000731770909450388	0.00352733686067019
chomebanking_transacciones	0.00177636190073339	0.00139770580816074	0.00476190476190476
cpayroll_trx_lag1	0.00175427575319121	0.00123931382107727	0.00149911816578483
chomebanking_transacciones_lag1	0.00175306386711945	0.000344448352347696	0.00423280423280423
ccomisiones_otras_lag2	0.00174187097298836	0.0122605518986924	0.00555555555555556
Master_fechaalta_lag1	0.0017255619870664	0.00170352006700602	0.00467372134038801
mttarjeta_visa_debitos_automaticos_delta2	0.00172416788988478	0.00168532993657602	0.0044973544973545
Visa_mfinanciacion_limite_lag1	0.00170732122746626	0.00108061175481737	0.00388007054673721
mpayroll_lag2	0.00169089528612453	0.0013892964608959	0.00238095238095238
mcuenta_corriente_lag2	0.00166249141292313	0.00322108299408427	0.0044973544973545
mcomisiones	0.0016500703752593	0.00147368760955363	0.00423280423280423
Master_mfinanciacion_limite_lag1	0.00164862153937614	0.00085213478633624	0.0037037037037037
Visa_cconsumos_lag2	0.00163262888515593	0.00109754207785055	0.00396825396825397
Visa_mfinanciacion_limite_delta2	0.00161541149672786	0.000893472770257143	0.0044973544973545
ctarjeta_master_delta2	0.00159832366264613	0.000748143089965997	0.000529100529100529
mtarjeta_visa_consumo_lag1	0.00158785093475156	0.00274238276150859	0.00229276895943563
cdescubierto_preacordado_delta1	0.00158352369497966	0.00230987369493522	0.00141093474426808
ctarjeta_visa_transacciones_delta1	0.00157844618740134	0.00580284474220109	0.00317460317460317
Visa_cconsumos_delta1	0.00154627663523577	0.00074161725221286	0.0037037037037037
Visa_cconsumos_delta2	0.00154239697232941	0.00182876724795042	0.0037037037037037
Master_fultimo_cierre_lag2	0.0015245645719747	0.00123409917527019	0.00299823633156967
mcomisiones_delta2	0.00149830205853663	0.000844031974485821	0.00379188712522046
cproductos_lag2	0.00149232048106382	0.000644364019316735	0.00335097001763668
Master_mpagominimo_delta1	0.00146722335881282	0.00200568602285545	0.00246913580246914
mpasivos_margen_delta2	0.00146391196806544	0.000296561496220549	0.00379188712522046
ctarjeta_visa_delta2	0.00145736156117345	0.00167286652556446	0.000529100529100529
Visa_mconsumototal_delta1	0.00144985342905467	0.000400080100361608	0.00405643738977072
mrentabilidad_lag2	0.00144315751407949	0.000660372964225666	0.00388007054673721
thomebanking	0.00144121191792517	0.000543625496477515	0.00211640211640212
mactivos_margen_delta1	0.00137600402934699	0.000170566581490693	0.0027336860670194
mcomisiones_mantenimiento_lag2	0.00136981484648566	0.00147167120896632	0.00352733686067019
mcomisiones_mantenimiento_lag1	0.00136886667775234	0.00199678940831337	0.00379188712522046
Master_fultimo_cierre_lag1	0.00135801636193288	0.000535724679062028	0.00317460317460317
Master_mfinanciacion_limite_delta2	0.00135662267836987	0.00099359999414854	0.00352733686067019
mpayroll_sobre_edad_delta2	0.00134998986273003	0.00425411442818891	0.00317460317460317
Visa_cconsumos_lag1	0.00134390974192255	0.000470297972834881	0.00282186948853616
mpayroll_sobre_edad_lag2	0.0013363218047764	0.00161620177092277	0.00255731922398589
Visa_msaldototal_delta1	0.00133443793817029	0.00123089561440739	0.0037037037037037
Visa_mlimitecompra	0.00132334461622853	0.0013722527374782	0.00317460317460317
ccallcenter_transacciones_delta1	0.00132200947613903	0.00233586187368223	0.00308641975308642
Master_mfinanciacion_limite_lag2	0.00130212636512442	0.00261614509908061	0.00326278659611993
cprestamos_personales	0.00129920274528048	0.00138075067879344	0.00211640211640212
Visa_msaldototal_lag1	0.00129723463546744	0.00100017012892688	0.00308641975308642
Visa_mconsumototal_lag1	0.00128900565178591	0.000579348389483487	0.00343915343915344
ccomisiones_otras_delta1	0.00128639975592893	0.00335552800934215	0.00326278659611993
Visa_msaldototal_lag2	0.00127777870853665	0.00139240965582728	0.00317460317460317
Master_mlimitecompra_lag1	0.00127738613429247	0.000789172766591476	0.00326278659611993
mcomisiones_mantenimiento_delta1	0.00127612318882107	0.000439440665077379	0.00238095238095238
mtarjeta_visa_consumo_delta2	0.00124896653146973	0.00198751006747351	0.00246913580246914
Visa_mconsumototal_lag2	0.00123646268874567	0.000303501954129601	0.00317460317460317
Visa_mconsumototal_delta2	0.00122246032139127	0.000489988886478816	0.00317460317460317
Visa_fultimo_cierre_lag1	0.00121907247696559	0.00132024625800702	0.00308641975308642
mpasivos_margen_delta1	0.00121753567876931	0.00379331019379587	0.00405643738977072
Master_msaldototal_lag1	0.00120446078364238	0.00209238770434785	0.00246913580246914
mtransferencias_recibidas_lag2	0.00118652546580644	0.00148548479330611	0.00308641975308642
mcomisiones_delta1	0.00117702572289619	0.00095058226703188	0.00291005291005291
mrentabilidad_delta1	0.00113866335010232	0.000576929771907317	0.00238095238095238
kmes_lag1	0.00113749426144182	0.00030810530098886	0.00194003527336861
ccomisiones_otras	0.00113660883726638	0.00175504282296196	0.00343915343915344
mrentabilidad_delta2	0.00113021847827644	0.000536328890485818	0.00264550264550265
mpayroll_sobre_edad_delta1	0.00112966512753844	0.00241755976320752	0.00317460317460317
cdescubierto_preacordado_delta2	0.00110157412652585	0.00351624116054634	0.00167548500881834
ccomisiones_otras_delta2	0.00107650811652787	0.00320869754583707	0.00299823633156967
ctarjeta_visa_delta1	0.00107448054168522	0.000136464959607208	0.000264550264550265
mpayroll_delta1	0.00107202938245205	0.00531752476217884	0.00335097001763668
Visa_mlimitecompra_lag1	0.00106370841622301	0.00159018878584164	0.00308641975308642
Master_mlimitecompra_delta2	0.00103495229572611	0.000795921861351644	0.00264550264550265
mtarjeta_visa_consumo_delta1	0.00103168738428783	0.00111375124531341	0.00291005291005291
ccomisiones_mantenimiento	0.00101923397015177	0.00262879987324105	0.00167548500881834
Visa_mlimitecompra_delta2	0.00100544038846994	0.000359874348404934	0.00238095238095238
kmes	0.000948319413370259	0.000191933694568368	0.00211640211640212
Master_msaldototal_lag2	0.000933833929101478	0.00719200654014038	0.00282186948853616
Master_mfinanciacion_limite_delta1	0.00090504095501381	0.000265275393259067	0.00238095238095238
ccomisiones_otras_lag1	0.000903874678613703	0.00021289504689517	0.00246913580246914
Visa_mlimitecompra_delta1	0.000871905283240521	0.000125626363480155	0.00238095238095238
Visa_fultimo_cierre_lag2	0.000870016761261824	0.00148434015817483	0.00229276895943563
mpayroll_sobre_edad_lag1	0.000838432251845574	0.00169432932021658	0.00238095238095238
ctarjeta_visa_transacciones_lag2	0.000835139803618867	0.000327620798412984	0.0017636684303351
mtarjeta_visa_consumo_lag2	0.000821276507299944	0.00142646343692355	0.00220458553791887
Master_mlimitecompra_delta1	0.00079432136700971	0.000507502158363694	0.00202821869488536
cprestamos_personales_lag1	0.00078525721294794	0.000169042763823656	0.000617283950617284
mtransferencias_recibidas_delta2	0.000758584136317615	0.000332213513986194	0.00238095238095238
ctarjeta_visa_transacciones_lag1	0.00074684329271909	0.000193422074615242	0.00149911816578483
Master_msaldototal_delta1	0.000724771099180311	0.000253146867758057	0.00158730158730159
Master_mlimitecompra_lag2	0.000699702052806419	0.00134906058696209	0.00202821869488536
mtransferencias_recibidas_delta1	0.000687574779536336	0.000374008643207208	0.00194003527336861
Master_mpagominimo_lag1	0.000684506001194807	0.00198898427247232	0.00167548500881834
Master_cconsumos_delta1	0.000651810975146836	0.00171812745403748	0.00167548500881834
thomebanking_delta2	0.00064611420436946	0.000524994167676474	0.00149911816578483
Master_mconsumototal_lag2	0.000642282493531334	0.000689589510169591	0.0017636684303351
internet_lag2	0.000637530102290899	0.000712172133618879	0.00158730158730159
Master_mconsumototal	0.0006357585772669	0.00252091358241482	0.00185185185185185
kmes_delta2	0.000634842417248676	0.00454017930131698	0.00149911816578483
cproductos_lag1	0.000633570851550201	0.00117868005297726	0.00185185185185185
Master_mpagominimo	0.000619753845902603	0.00280890803396081	0.00167548500881834
Master_cconsumos_lag2	0.000616143803485569	0.00147776116399144	0.00158730158730159
Master_msaldototal_delta2	0.000600731887092999	0.00518442637648718	0.00211640211640212
ctarjeta_master_transacciones	0.000527713407358471	0.0011305096958888	0.000881834215167548
thomebanking_lag2	0.000524520415369429	0.000107514195814511	0.00105820105820106
mtarjeta_master_consumo_delta1	0.000518723308333215	0.00079323391786223	0.00132275132275132
ccallcenter_transacciones_lag1	0.000505852897418433	0.000957159489334254	0.00158730158730159
ctarjeta_master_transacciones_delta2	0.000505620379729414	0.00347245975271515	0.00141093474426808
ccomisiones_mantenimiento_lag2	0.000498372357467977	0.000407922445703825	0.00141093474426808
Master_mconsumototal_delta2	0.000492018438450201	0.000431229768485461	0.00149911816578483
Visa_fultimo_cierre_delta2	0.000485605295824551	0.000239209251747691	0.00132275132275132
ccallcenter_transacciones_lag2	0.000440872666943315	0.00159289090437912	0.00149911816578483
Visa_status_lag1	0.000415210162671706	0.000605956726583366	0.000440917107583774
Master_mconsumototal_delta1	0.000414322563104689	0.00122876758531657	0.00141093474426808
ccomisiones_mantenimiento_lag1	0.000411811905094787	0.000435480511024091	0.00132275132275132
cpayroll_trx_lag2	0.00039499553980643	0.000157956104355456	0.00105820105820106
Master_mconsumototal_lag1	0.000394000901282427	0.000253915864115608	0.00132275132275132
cdescubierto_preacordado_lag1	0.000384791906292168	0.000360136586794145	0.000793650793650794
Visa_fultimo_cierre_delta1	0.000374463538213238	5.32627431059725e-05	0.000970017636684303
Master_status_lag1	0.000373459505874222	0.000931307745424869	0.000529100529100529
mtarjeta_master_consumo_delta2	0.000370354109306487	0.000509965072965068	0.000881834215167548
Master_fultimo_cierre_delta2	0.000343127638672612	0.00159149289026367	0.000970017636684303
cpayroll_trx_delta1	0.000342017893032893	0.000177081787957781	0.000970017636684303
thomebanking_lag1	0.000339298952961355	8.28389808945584e-05	0.000793650793650794
Master_cconsumos_delta2	0.000326425118876696	0.000240896082467481	0.000793650793650794
mtarjeta_master_consumo_lag2	0.000316348249946449	9.19003803704048e-05	0.000970017636684303
ctarjeta_master_transacciones_lag2	0.000316074152338584	0.000230323268491655	0.000970017636684303
mtarjeta_master_consumo_lag1	0.000314795707418541	0.000927390116515777	0.000705467372134039
Visa_Fvencimiento_delta2	0.000307516130730222	0.000321543246554918	0.000881834215167548
ctarjeta_master_transacciones_delta1	0.000298126981474089	0.00070059820687343	0.000970017636684303
Master_cconsumos	0.000279555101143804	0.000252560375144348	0.000881834215167548
Master_status_lag2	0.000272195225335595	0.00342811311484236	0.00105820105820106
internet_delta2	0.000241403024855318	3.22624093969909e-05	0.000440917107583774
Master_fechaalta_delta2	0.000229105295723805	0.000365868621855616	0.000705467372134039
Master_fechaalta_delta1	0.000226738286243987	0.000166299892022989	0.000440917107583774
Master_status_delta1	0.000220962990234044	0.000462512327684926	0.000352733686067019
Master_fultimo_cierre_delta1	0.000211881093837803	0.000182548040868024	0.000617283950617284
Master_cconsumos_lag1	0.000203427432183914	0.000562061918367656	0.000793650793650794
Master_mpagominimo_lag2	0.000198509475819195	0.00046215795148329	0.000617283950617284
Visa_Fvencimiento_delta1	0.000193178099870975	0.000111373352650333	0.000529100529100529
cpayroll_trx_delta2	0.000188783525066928	0.000100375287232543	0.000529100529100529
ctarjeta_master	0.000176378211832569	8.26139520065192e-05	0.00017636684303351
Visa_status_lag2	0.000174731397144534	0.000404648009600703	0.000617283950617284
ctarjeta_master_transacciones_lag1	0.000165005101998533	0.000183391456227919	0.000529100529100529
thomebanking_delta1	0.000128826879456765	9.03960533944577e-05	0.000440917107583774
Master_Fvencimiento_delta2	0.000120416526612877	2.61724543718669e-05	0.000352733686067019
Visa_fechaalta_delta2	8.49097576311288e-05	5.29792421446632e-06	0.000264550264550265
cdescubierto_preacordado_lag2	8.33553391092137e-05	0.000298308570894618	0.000352733686067019
ctarjeta_master_delta1	7.60759458668029e-05	5.95334299939311e-05	0.00017636684303351
ctarjeta_visa_lag2	6.60098414040166e-05	0.00032509941173834	0.00017636684303351
cliente_edad_delta2	6.18066318337235e-05	7.48247630945479e-05	0.000264550264550265
ctarjeta_master_lag2	5.9710177378989e-05	0.000288384265367786	0.000264550264550265
ctarjeta_master_lag1	5.6294686270402e-05	6.4671884917661e-05	8.81834215167549e-05
Master_Fvencimiento_delta1	4.6215224868731e-05	0.000516363335285616	0.00017636684303351
Visa_fechaalta_delta1	3.81779387003408e-05	8.06205858723136e-06	0.00017636684303351
internet_delta1	3.62093771950205e-05	1.82149367641183e-06	8.81834215167549e-05
Master_status_delta2	2.85735122093434e-05	0.000415272208125767	8.81834215167549e-05
kmes_delta1	1.69139238992412e-05	2.11739780477835e-06	8.81834215167549e-05
