Feature	Gain	Cover	Frequency
ctrx_quarter	0.152820329905672	0.0467900501930557	0.0111851303561148
mtarjeta_visa_consumo	0.0594749376972286	0.0328403611465889	0.0104449379060778
mcaja_ahorro	0.0564571828055584	0.0389003471004037	0.0109383995394358
Master_status	0.0400732137706733	0.00248638660934579	0.00115141047783535
mcaja_ahorro_lag1	0.0306049286839211	0.00742099113407289	0.00460564191134139
mcuentas_saldo	0.0264719110577706	0.0399180439528809	0.0139814129451435
ctarjeta_visa_transacciones	0.0245176616836582	0.0253724409652685	0.00756641171148943
mcuenta_corriente	0.0234043121104451	0.00978976421545502	0.0126655152561888
cpayroll_trx	0.0188580818349595	0.0286293485798654	0.00674397565589275
cdescubierto_preacordado_lag1	0.0140408109809126	0.000532117081586089	0.000657948844477342
foto_mes	0.0133188639660492	0.00907729460032716	0.0157907722674562
Visa_status	0.0132545050793006	0.00845875580715555	0.00304301340570771
mpayroll	0.0117361009840991	0.0139136211843934	0.00641500123365408
mprestamos_personales	0.0115350310771157	0.0205372714089943	0.0129944896784275
ctarjeta_visa	0.011144620069448	0.00312009238397497	0.00156262850563369
cdescubierto_preacordado	0.0103189500866338	0.00868324729806903	0.00460564191134139
internet	0.00952231936974134	0.00418112653885358	0.00411218027798339
ctrx_quarter_delta1	0.00901997205809283	0.017386858285279	0.0119253228061518
mprestamos_personales_lag1	0.00826256178003566	0.00263738204200833	0.00361871864462538
Visa_mpagominimo	0.00797173973662766	0.0206428501950233	0.0111851303561148
mpasivos_margen	0.00772414892477118	0.0112643796075161	0.00904679661156345
Master_fechaalta	0.00754673817065244	0.00496159633021991	0.0076486553170491
ctrx_quarter_delta2	0.0069446716805484	0.011550491092843	0.0100337198782795
mprestamos_personales_delta2	0.00667963983238797	0.00785119720773094	0.00551032157249774
Visa_mpagominimo_delta1	0.00662241243370186	0.00623131697637193	0.00880006579488445
mpayroll_sobre_edad	0.00635567086055346	0.029434821741819	0.00690846286701209
mcuentas_saldo_delta2	0.00625510272641279	0.00683653672675965	0.00954025824492146
ccomisiones_mantenimiento_delta2	0.00610670550088793	0.00640807115348028	0.00518134715025907
cproductos	0.00596819320631165	0.0340498882483054	0.00863557858376511
cprestamos_personales	0.00525091163905936	0.00203078542854802	0.00345423143350605
Visa_status_delta2	0.0052303696726807	0.00145184343221571	0.000657948844477342
Visa_msaldototal	0.00511777945327554	0.00457936724040964	0.00559256517805741
Visa_cconsumos	0.00510120370838842	0.00228842245991143	0.00468788551690106
cdescubierto_preacordado_delta1	0.00488406975478343	0.0031498279982319	0.00197384653343203
mrentabilidad_annual_delta1	0.00448062448616728	0.00591048143410725	0.0078953861337281
mrentabilidad_annual_lag1	0.00439088236116745	0.00229614975266581	0.00748416810592976
mrentabilidad_annual_lag2	0.00428633690238926	0.00459125156873134	0.00954025824492146
mrentabilidad_annual	0.00424187398583832	0.00311083616163818	0.00731968089481043
cprestamos_personales_delta2	0.004127847050218	0.0109419357966204	0.00312525701126737
cdescubierto_preacordado_delta2	0.00404351697623834	0.00535413949634831	0.00296076980014804
ctarjeta_visa_delta2	0.00391996636704486	0.00172029206184786	0.000657948844477342
mcuentas_saldo_lag1	0.00374574846251605	0.00605882892602274	0.00633275762809442
ctrx_quarter_lag2	0.0037320576881879	0.00133026956340938	0.00460564191134139
mprestamos_personales_delta1	0.00370199299069855	0.0107860791943342	0.00625051402253475
Visa_mfinanciacion_limite	0.00367409582552102	0.00253773715565597	0.00731968089481043
cliente_edad	0.00349095998893875	0.00305275501937169	0.00896455300600378
cproductos_delta2	0.00347992525208235	0.0121092727063465	0.00559256517805741
mcomisiones_lag2	0.00345799480053803	0.00303685249881772	0.00707295007813143
mcaja_ahorro_delta2	0.00332966522604905	0.00356432494026695	0.00583929599473641
cliente_antiguedad	0.0033198415176325	0.00824079491168004	0.00715519368369109
mactivos_margen	0.00319133101593829	0.00364760449494851	0.0074019245003701
mcuenta_corriente_delta2	0.00309652289934024	0.00433281949398507	0.00699070647257176
mttarjeta_visa_debitos_automaticos_delta2	0.00307516596562853	0.00243405424230918	0.00641500123365408
mcuenta_corriente_lag2	0.00307030926807625	0.00421072661556915	0.0053458343613784
Master_Fvencimiento	0.00299271571192058	0.00383248596584793	0.00608602681141541
Visa_Fvencimiento	0.00295248663099592	0.0013141901828929	0.00583929599473641
Master_Fvencimiento_lag1	0.00294412057851929	0.0039580664566086	0.00674397565589275
mpasivos_margen_lag1	0.00293856486636837	0.00220661728921638	0.0053458343613784
mcomisiones_delta2	0.00289955605598602	0.000368604261109887	0.00419442388354306
Visa_mpagominimo_lag1	0.00286959743030113	0.00406959897707636	0.0053458343613784
mtarjeta_master_consumo	0.00285932238215606	0.00779547474926348	0.00419442388354306
numero_de_cliente	0.0028215601212399	0.00345499738419157	0.00674397565589275
mcuenta_corriente_lag1	0.0027995702288867	0.00502369731761553	0.00567480878361707
cliente_edad_lag2	0.0027767573476082	0.0012069237891843	0.00666173205033309
chomebanking_transacciones_delta2	0.00274922779140603	0.00281571308270763	0.00666173205033309
ctarjeta_visa_delta1	0.00274695297872026	0.000137068123839369	0.000164487211119335
chomebanking_transacciones_lag2	0.00274636834068352	0.00279768989550042	0.00575705238917674
Master_mfinanciacion_limite	0.00273870975852756	0.0015096254001531	0.00501685993913973
Visa_mpagominimo_lag2	0.00272284197267693	0.00263800353122238	0.00386544946130438
Visa_fechaalta	0.00263530728666409	0.00361624243019526	0.00633275762809442
Master_Fvencimiento_lag2	0.00262342997386844	0.00275593441538044	0.00649724483921375
mactivos_margen_lag2	0.00260487960210352	0.00845381695138013	0.00460564191134139
cliente_edad_lag1	0.00258484989946788	0.00421553654539058	0.00723743728925076
chomebanking_transacciones	0.00254583432297268	0.00146333271819124	0.00518134715025907
mactivos_margen_lag1	0.00252863667312144	0.00951761640268185	0.00608602681141541
mcomisiones	0.00252322340244397	0.00124340322257232	0.00542807796693807
mrentabilidad_annual_delta2	0.00247734342833602	0.00202923170551292	0.00608602681141541
mttarjeta_visa_debitos_automaticos_lag2	0.00247544103758097	0.00640369758842615	0.00592153960029608
cproductos_delta1	0.0024451097827089	0.00483512327516247	0.00304301340570771
internet_lag1	0.00244209059270192	0.0131928540270994	0.00542807796693807
Visa_mconsumototal	0.00242584596259672	0.00175964422995397	0.00551032157249774
cliente_antiguedad_lag1	0.00238338646877661	0.00563704601469116	0.00600378320585574
mtransferencias_recibidas	0.00238109863646236	0.0124854703755662	0.00575705238917674
Visa_msaldototal_lag1	0.00237768041637861	0.00146890132766493	0.00452339830578173
mttarjeta_visa_debitos_automaticos_lag1	0.00237454406250899	0.00245980472227075	0.0048523727280204
Visa_fechaalta_lag1	0.00236836459714403	0.00420075138310441	0.00641500123365408
mtarjeta_visa_consumo_delta2	0.00235419654617929	0.00184888743645537	0.00378320585574472
ctarjeta_visa_transacciones_delta2	0.00232964793221344	0.00665694452576697	0.00444115470022206
mcuenta_corriente_delta1	0.00227283975447634	0.00136014071520767	0.00394769306686405
Visa_mfinanciacion_limite_lag1	0.00226998763875579	0.000950058660647901	0.00444115470022206
mrentabilidad	0.00225598540915678	0.000699462969847829	0.00460564191134139
mprestamos_personales_lag2	0.00223321518859082	0.00128597523373416	0.00361871864462538
mcuentas_saldo_lag2	0.00220479704295864	0.00219847181356001	0.0050991035446994
mcuentas_saldo_delta1	0.00220011614066893	0.00821164442290654	0.00567480878361707
Master_fechaalta_lag1	0.00216826574889403	0.00129993064180371	0.0053458343613784
Visa_msaldototal_lag2	0.00216258391223737	0.00142905824919559	0.00435891109466239
ccallcenter_transacciones_delta2	0.00212810750105977	0.00416208351429248	0.00493461633358006
Visa_mpagominimo_delta2	0.00212803698183922	0.00214800556706236	0.00435891109466239
mpasivos_margen_lag2	0.00211898402604626	0.00201289777888218	0.0050991035446994
cpayroll_trx_lag1	0.00211797193991761	0.000422639111897731	0.00074019245003701
ctarjeta_visa_transacciones_delta1	0.00207784379032568	0.00703887939993868	0.00312525701126737
mcaja_ahorro_lag2	0.00207288047084379	0.00214773779777333	0.00460564191134139
Visa_fechaalta_lag2	0.00207032215606787	0.00240051531240993	0.00501685993913973
kmes_lag2	0.00206848831772936	0.00681874659800771	0.0050991035446994
ccomisiones_mantenimiento	0.00206556907735892	0.00202812757041989	0.00238506456123036
ccomisiones_otras_lag1	0.00205218797146104	0.00136277377988312	0.00435891109466239
mcomisiones_mantenimiento_delta2	0.00204918066245142	0.00210261701967519	0.00444115470022206
cliente_antiguedad_lag2	0.00204056220146969	0.0018636312763204	0.00518134715025907
mpayroll_lag2	0.00200380705252735	0.00395023172555925	0.00263179537790937
Visa_cconsumos_delta2	0.00200144547700332	0.00236329372833813	0.00411218027798339
mttarjeta_visa_debitos_automaticos_delta1	0.00197183062494907	0.001463388916684	0.00501685993913973
mcomisiones_lag1	0.00196932516056806	0.00091380732702461	0.00501685993913973
Master_mfinanciacion_limite_lag1	0.00196800923221825	0.000388693569374408	0.00320750061682704
ctrx_quarter_lag1	0.00192585675513991	0.0020678797395627	0.00411218027798339
Master_fechaalta_lag2	0.00192548266577561	0.00134625803459934	0.0048523727280204
ccomisiones_otras_lag2	0.00191497550661108	0.0156732075629578	0.00583929599473641
mrentabilidad_lag2	0.00190763031411952	0.00141081853250159	0.0048523727280204
mttarjeta_visa_debitos_automaticos	0.00188398593872506	0.00156433463285406	0.00526359075581874
mpayroll_delta2	0.00186845489599099	0.0063528528285508	0.00353647503906571
mactivos_margen_delta2	0.00185921782738439	0.000864106371766597	0.00419442388354306
Visa_Fvencimiento_lag1	0.00184190462225349	0.000638157025835069	0.00435891109466239
mcaja_ahorro_delta1	0.00183715408094348	0.00211541209415895	0.00444115470022206
Visa_Fvencimiento_lag2	0.00183080240167329	0.000691591875067868	0.00477012912246073
ccallcenter_transacciones	0.00181450369128098	0.00585665319542514	0.00460564191134139
chomebanking_transacciones_lag1	0.00181307374117868	0.00118866754352183	0.00460564191134139
mcomisiones_mantenimiento	0.00177899601806206	0.00491554166540385	0.0048523727280204
Master_fultimo_cierre	0.00175850014790616	0.00440256512929277	0.00378320585574472
Master_mlimitecompra	0.00174373012527157	0.000584219695961129	0.00361871864462538
mcomisiones_mantenimiento_lag2	0.00174219032669171	0.00199865641965829	0.00386544946130438
Visa_mlimitecompra	0.0017421664103208	0.00188639166588782	0.00402993667242372
mrentabilidad_delta2	0.00173162836312187	0.000841812099109705	0.00353647503906571
Visa_mfinanciacion_limite_lag2	0.00169127432873307	0.00184945603297035	0.00444115470022206
Master_msaldototal	0.00167158851742927	0.00453705308115575	0.00419442388354306
ccallcenter_transacciones_delta1	0.00166699236682263	0.00241110046381079	0.00337198782794638
mrentabilidad_delta1	0.0016587789292966	0.000625472695439978	0.00386544946130438
mtransferencias_recibidas_lag1	0.00165162559060446	0.00614211343939483	0.00435891109466239
Visa_fultimo_cierre	0.00162106334628591	0.00124623959355981	0.00427666748910272
ccomisiones_mantenimiento_delta1	0.00160344466817528	0.00528972114757481	0.00287852619458837
mtransferencias_recibidas_lag2	0.0015983228725645	0.00228826543471108	0.00370096225018505
mpasivos_margen_delta1	0.00157941809994517	0.0043107748087519	0.00411218027798339
Visa_mconsumototal_delta2	0.00156198529163703	0.000822531057402807	0.00378320585574472
Visa_cconsumos_lag2	0.00155887482520687	0.00179938813461255	0.00386544946130438
chomebanking_transacciones_delta1	0.00155577234028233	0.00263415062867469	0.00460564191134139
Master_mpagominimo	0.00155250963162203	0.00740122909938385	0.00353647503906571
Visa_mconsumototal_lag1	0.00154737278646363	0.00078053590724017	0.00394769306686405
Visa_msaldototal_delta1	0.0015431684238987	0.00185232215610106	0.00320750061682704
Visa_mconsumototal_lag2	0.00153811165393317	0.00107818461255119	0.00353647503906571
mpayroll_sobre_edad_delta2	0.00151432688489546	0.00238628552346397	0.00296076980014804
mpasivos_margen_delta2	0.00147847682913754	0.000638671076754129	0.00345423143350605
Visa_msaldototal_delta2	0.00147088451616554	0.00230182414753763	0.00394769306686405
Visa_cconsumos_lag1	0.00145242201857696	0.000604647848079051	0.00394769306686405
mpayroll_sobre_edad_lag2	0.00144982294848319	0.000740329191464747	0.00246730816679003
cprestamos_personales_lag1	0.00141909603934106	0.000284665200586834	0.00106916687227568
mactivos_margen_delta1	0.00140898022726521	0.000388670428818566	0.00328974422238671
mcomisiones_delta1	0.00139892271822003	0.000249352712371988	0.00320750061682704
cproductos_lag1	0.00136286605763259	0.00223965373847448	0.00320750061682704
Master_fultimo_cierre_lag2	0.00135993797346736	0.00214740060681678	0.00271403898346904
mpayroll_lag1	0.00134750746591196	0.00214098240836432	0.00271403898346904
Visa_mlimitecompra_delta2	0.00133093248352388	0.000545127032659814	0.00328974422238671
mtarjeta_visa_consumo_lag1	0.00132984892462442	0.0022238553504218	0.00222057735011103
Master_mpagominimo_delta2	0.00132599290897856	0.00338937242072059	0.00304301340570771
ccomisiones_otras	0.00130893071358496	0.00135667128472822	0.0025495517723497
Master_fultimo_cierre_delta1	0.00129644850194193	0.000223017106926981	0.00123365408339502
Visa_fultimo_cierre_lag2	0.00129512308158785	0.00143419049390197	0.00328974422238671
mcomisiones_mantenimiento_lag1	0.0012830926438031	0.00114185585195037	0.00271403898346904
Master_mpagominimo_delta1	0.00127348310123844	0.00252834043708728	0.00296076980014804
Visa_mconsumototal_delta1	0.00126272890517838	0.000740549026745246	0.00337198782794638
mtransferencias_recibidas_delta2	0.00125476800579935	0.000443401149178516	0.00345423143350605
Visa_mfinanciacion_limite_delta1	0.00124793145901845	0.00115420795007945	0.00370096225018505
Visa_mlimitecompra_lag1	0.00123354256137969	0.000657487654447342	0.0025495517723497
Visa_cconsumos_delta1	0.00120991409611622	0.00130305296394553	0.00304301340570771
Visa_mfinanciacion_limite_delta2	0.00116753252389829	0.000959514883503037	0.00287852619458837
Visa_mlimitecompra_lag2	0.00116624004793788	0.000957012397678412	0.00263179537790937
mpayroll_delta1	0.00112794159326127	0.0036718921612015	0.00304301340570771
mrentabilidad_lag1	0.00111112402274163	0.00108755984346088	0.00296076980014804
Master_mlimitecompra_delta2	0.00109729672867475	0.00131179182956957	0.00328974422238671
mtarjeta_visa_consumo_delta1	0.00107280561600679	0.00104734982189177	0.00222057735011103
Master_msaldototal_lag1	0.00107211324384945	0.00278648656067922	0.0023028209556707
thomebanking	0.00106495363373064	0.000540679087247618	0.00131589768895468
cprestamos_personales_delta1	0.0010626053047084	0.001820743561861	0.000904679661156345
Master_mfinanciacion_limite_lag2	0.00105696343784206	0.00103111506907178	0.0025495517723497
Master_mlimitecompra_lag2	0.00102882637204356	0.00114024097173197	0.0025495517723497
mtransferencias_recibidas_delta1	0.0010215560963621	0.000322108272835987	0.00238506456123036
Master_msaldototal_delta2	0.000979009491717597	0.00230407539304168	0.0025495517723497
ccomisiones_otras_delta2	0.000975697892710539	0.00197853405345685	0.00271403898346904
thomebanking_delta2	0.000949723725379018	0.000516049271347533	0.00180935932231269
Visa_mlimitecompra_delta1	0.000926945337373666	0.000629586755689311	0.00238506456123036
Master_fultimo_cierre_lag1	0.000924066801146643	0.000721783688854255	0.00263179537790937
internet_lag2	0.000917222164540908	0.000874198959907387	0.00180935932231269
Master_msaldototal_lag2	0.000898969534151903	0.00944798647015336	0.0027962825890287
ctarjeta_visa_transacciones_lag2	0.000893703470140438	0.000301422268810112	0.00172711571675302
Visa_fultimo_cierre_lag1	0.000886839882789534	0.00159631818682135	0.00238506456123036
Master_mfinanciacion_limite_delta2	0.000886277816089046	0.000277141214144502	0.00205609013899169
kmes	0.000883170870459825	0.000337564511241576	0.0023028209556707
Master_mfinanciacion_limite_delta1	0.000882949050618688	0.000291762739642935	0.00213833374455136
mcomisiones_mantenimiento_delta1	0.000852838527278165	0.000708628282858095	0.00205609013899169
mpayroll_sobre_edad_delta1	0.0008501896508153	0.00306390215570013	0.00246730816679003
ccomisiones_otras_delta1	0.000844656623437286	0.00556283425210596	0.00287852619458837
Master_mlimitecompra_lag1	0.000828411421884254	0.000918015602394156	0.00205609013899169
mtarjeta_visa_consumo_lag2	0.000826525808666816	0.00182417993440353	0.00172711571675302
ctarjeta_master_transacciones	0.000796190073473204	0.00432490211809342	0.00222057735011103
Visa_fultimo_cierre_delta2	0.000790883548396878	0.000629804938072963	0.00205609013899169
mtarjeta_master_consumo_delta2	0.000740026853076145	0.000676191835155037	0.00197384653343203
Master_mconsumototal	0.000731689657861873	0.00143229462121978	0.00197384653343203
cproductos_lag2	0.000722546289640729	0.00148253772664323	0.00213833374455136
Master_cconsumos_lag2	0.000716271439398588	0.000979650472879242	0.00189160292787236
kmes_lag1	0.000715292027292024	5.62827904982074e-05	0.00106916687227568
Master_mlimitecompra_delta1	0.000715033047136906	0.00116630384919741	0.00213833374455136
thomebanking_lag1	0.00071174448941797	0.000442343295197168	0.00148038490007402
Master_mpagominimo_lag1	0.000705476203149672	0.00381849088825407	0.00238506456123036
cprestamos_personales_lag2	0.000694306525285775	0.0003750389885308	0.00115141047783535
mpayroll_sobre_edad_lag1	0.000693941939866445	0.00115704597396378	0.00164487211119335
Master_mconsumototal_delta1	0.000690402719543446	0.000312853703396045	0.00205609013899169
Master_mconsumototal_lag1	0.000685146923681813	0.000942746245001838	0.00213833374455136
ccallcenter_transacciones_lag2	0.000619722928975321	0.00136864652237644	0.00180935932231269
Master_cconsumos	0.000615885919513598	0.000905683339027232	0.00189160292787236
Master_msaldototal_delta1	0.000598142989881463	0.00124436686143345	0.00164487211119335
ctarjeta_master_delta2	0.000596577860810546	0.00119049895322704	0.000328974422238671
Master_mconsumototal_lag2	0.000583414036434566	0.000432212690428923	0.00156262850563369
Visa_Fvencimiento_delta2	0.000555880556006354	0.000370733192247348	0.000986923266716013
ctarjeta_visa_transacciones_lag1	0.000549976158332201	0.000501507084897701	0.00139814129451435
ctarjeta_visa_lag2	0.000543909295482159	0.000171025236640613	0.000328974422238671
Master_fultimo_cierre_delta2	0.00054280992880058	0.00140475735976784	0.00139814129451435
Master_cconsumos_delta1	0.000518243584599766	0.00182257993025675	0.00139814129451435
ccomisiones_mantenimiento_lag2	0.000508966779046521	0.000551422916745675	0.00106916687227568
ctarjeta_master_transacciones_delta2	0.000508402947681028	0.00264801016872718	0.00115141047783535
Visa_fultimo_cierre_delta1	0.000500401120696898	0.00022683364574406	0.00074019245003701
Visa_status_delta1	0.000483801714458118	4.0446385818071e-05	0.000328974422238671
Master_mpagominimo_lag2	0.000480768489863094	0.000509513717219023	0.00123365408339502
Master_mconsumototal_delta2	0.000470130564671832	0.000873919620340437	0.00172711571675302
cpayroll_trx_delta1	0.00045815974851229	0.000390129936733456	0.00115141047783535
ccallcenter_transacciones_lag1	0.000450765074609277	0.00157180407370048	0.00156262850563369
ccomisiones_mantenimiento_lag1	0.000442188982645824	0.000476515284588374	0.00123365408339502
kmes_delta2	0.000410552399354687	0.00230603738159771	0.00115141047783535
mtarjeta_master_consumo_lag1	0.000401384032423388	0.00121987588886842	0.00106916687227568
Master_status_delta1	0.000350888106615153	0.000236240281693821	0.000411218027798339
thomebanking_lag2	0.000350559692990354	0.000153175603602226	0.000986923266716013
Master_cconsumos_delta2	0.000349326474463774	0.000285362723055785	0.00106916687227568
cpayroll_trx_lag2	0.000331168423807551	0.00108103916540399	0.000904679661156345
Visa_fechaalta_delta2	0.000287392106085077	6.1358836711828e-05	0.000575705238917674
internet_delta2	0.000277522011457321	6.02051147134213e-05	0.000328974422238671
ctarjeta_master_transacciones_lag1	0.000252031864699658	0.00108556314407109	0.00074019245003701
cpayroll_trx_delta2	0.000251996148357574	0.000342450474317924	0.000822436055596677
ctarjeta_master_transacciones_delta1	0.000204084781279935	0.00191254710557663	0.000822436055596677
Master_cconsumos_lag1	0.000202384994366709	0.000410837428418327	0.000657948844477342
Master_status_lag2	0.000192990398916933	0.00260124310537056	0.000657948844477342
mtarjeta_master_consumo_delta1	0.00018923285993687	7.46547389398854e-05	0.000493461633358006
thomebanking_delta1	0.00018287869444218	0.00019649968282893	0.000493461633358006
ctarjeta_master_transacciones_lag2	0.000180649210362681	0.000214162538523736	0.000657948844477342
Visa_Fvencimiento_delta1	0.000174324045418748	2.45322949861794e-05	0.000493461633358006
Visa_status_lag2	0.000168422369371483	0.000261929604472099	0.000493461633358006
cdescubierto_preacordado_lag2	0.000160206083988295	0.000509126939357092	0.000411218027798339
Master_fechaalta_delta2	0.000158411899864428	0.000253820492546334	0.000411218027798339
Master_Fvencimiento_delta1	0.000144960974982807	6.30844610189006e-05	0.000411218027798339
mtarjeta_master_consumo_lag2	0.000134468009047067	4.6099293030895e-05	0.000411218027798339
Master_Fvencimiento_delta2	0.000112665742632285	6.77357127431365e-06	0.000246730816679003
cliente_edad_delta2	9.81142518815557e-05	4.83141748043407e-06	0.000246730816679003
Visa_fechaalta_delta1	9.60786643142349e-05	2.17041884829216e-05	0.000246730816679003
ctarjeta_master_lag2	8.95649812909538e-05	0.000453392910611709	0.000328974422238671
Master_status_lag1	8.9013216856586e-05	0.000186559161197958	0.000246730816679003
Visa_status_lag1	7.66222662844105e-05	0.000473148333713367	0.000246730816679003
Master_fechaalta_delta1	6.94343268528133e-05	0.000521751765465733	0.000328974422238671
ctarjeta_master_lag1	6.78167277836001e-05	0.000135770599815373	0.000246730816679003
internet_delta1	5.51631858472041e-05	5.7405107456543e-06	8.22436055596677e-05
Master_status_delta2	4.14197683805974e-05	0.000427905241248625	0.000164487211119335
kmes_delta1	2.70812724401639e-05	6.1074538454341e-06	8.22436055596677e-05
ctarjeta_visa_lag1	2.6476701109154e-05	2.77091627239127e-05	8.22436055596677e-05
