Feature	Gain	Cover	Frequency
ctrx_quarter	0.117975093414394	0.0397915643686239	0.0103724658180104
mcaja_ahorro	0.0630464240567881	0.0250106839557259	0.00811985960500812
mtarjeta_visa_consumo	0.0476288780078721	0.0244640908149654	0.00796270103200796
mcuenta_corriente	0.0385534415493467	0.00898334809523208	0.0112106448740112
ctarjeta_visa_delta1	0.029644134824592	0.000617888855367676	0.00020954476400021
mcuentas_saldo	0.0251048582575027	0.029212502740731	0.0114201896380114
cdescubierto_preacordado	0.023284965528428	0.00633247361610031	0.00309078526900309
ctarjeta_visa_transacciones	0.0214765362702461	0.0159483023363692	0.00581486720100582
ctarjeta_visa	0.0204292109277865	0.00248501018442124	0.000628634292000629
cpayroll_trx	0.0182660425602439	0.0194665423357341	0.00508146052700508
mprestamos_personales	0.0167777774932454	0.0197544306757835	0.00916758342500917
mcaja_ahorro_lag1	0.0131385986293983	0.00847597343113144	0.00654827387500655
mpayroll	0.0114738734830929	0.0103509261278546	0.00492430195400493
ctrx_quarter_delta1	0.0104393655195145	0.0166006811293232	0.0101629210540102
mpasivos_margen	0.0101200612430402	0.00993162160468358	0.00817224579600817
foto_mes	0.00997970562898244	0.00956471845213994	0.0128870029860129
Visa_mfinanciacion_limite	0.0088947282873555	0.00352567291937517	0.00623395672900623
Visa_status	0.00870500293573117	0.0037982617498522	0.00157158573000157
ctrx_quarter_lag1	0.00853597118382497	0.00355135077972145	0.00681020483000681
ctrx_quarter_delta2	0.00814323647622272	0.0117295847477336	0.01000576248101
mpayroll_sobre_edad	0.00755195637961339	0.0210522935762266	0.0055005500550055
Visa_mpagominimo	0.00680458726389755	0.0120677512387006	0.00801508722300802
cproductos	0.00654746871195642	0.0237481431100804	0.00707213578500707
Visa_mpagominimo_delta1	0.00604095096630705	0.00519711352099838	0.00654827387500655
mcuentas_saldo_delta2	0.00570963755624396	0.00653062207737679	0.00764838388600765
mprestamos_personales_lag1	0.00569904174581772	0.00232450842285001	0.00403373670700403
Master_status	0.00569511539387825	0.00350845601802764	0.00115249620200115
Visa_msaldototal_lag1	0.00564188925028259	0.00168008427418952	0.00434805385300435
ctarjeta_visa_transacciones_lag1	0.00545953806744064	0.000632479524352644	0.00162397192100162
mcuenta_corriente_delta2	0.00544917401443071	0.00409670895287477	0.00607679815600608
mrentabilidad_annual_lag1	0.00517757952678308	0.00419047953697529	0.00901042485200901
mrentabilidad_annual_lag2	0.00492103643516087	0.00434697811032244	0.00738645293100739
mprestamos_personales_lag2	0.00485277405334775	0.00227575031673232	0.00267169574100267
ctrx_quarter_lag2	0.00455573837065118	0.00283226832640032	0.00492430195400493
numero_de_cliente	0.00446121087384526	0.00281676298889343	0.0102676934360103
Visa_msaldototal	0.00433746049261763	0.00568436217556446	0.00581486720100582
mcuentas_saldo_lag1	0.00427337066304599	0.00644171761786759	0.0064958876840065
mcomisiones_lag2	0.00416805364866012	0.00285034486206267	0.00822463198700823
cproductos_delta2	0.00416309873008638	0.0112359906490894	0.00434805385300435
mactivos_margen	0.00399609939567409	0.00349172561907083	0.00707213578500707
Master_Fvencimiento	0.00379307015290348	0.00548680147961975	0.00780554245900781
cliente_antiguedad	0.00378154550481727	0.00953412493641595	0.00838179056000838
ccomisiones_mantenimiento_delta2	0.00376570486027916	0.00410127238932707	0.00314317146000314
mprestamos_personales_delta2	0.00371811600059228	0.013435941251706	0.00518623290900519
cliente_edad_lag2	0.00368732177143288	0.00237454662462473	0.00722929435800723
mcuenta_corriente_lag1	0.0036490866811284	0.0106695851937748	0.00712452197600713
mrentabilidad_annual_delta1	0.00364652829769827	0.00490931323568036	0.00754361150400754
Visa_mconsumototal	0.00348136204619946	0.0019864211811412	0.0055005500550055
cliente_edad	0.00346988725187273	0.00279539540764681	0.00801508722300802
mcuenta_corriente_lag2	0.0034519482698699	0.00546359795722445	0.00607679815600608
Visa_Fvencimiento	0.0034483838931121	0.00234264879819259	0.00717690816700718
Visa_mfinanciacion_limite_delta1	0.00344542691753041	0.0017134966420009	0.00460998480800461
cliente_edad_lag1	0.00340401731030012	0.00264604357643299	0.00749122531300749
Master_fechaalta	0.00336960940194881	0.0109326685160024	0.00796270103200796
mrentabilidad_annual_delta2	0.00331123515061868	0.00226336101603114	0.0066006600660066
Visa_fechaalta_lag2	0.00329836976160395	0.00311658934914581	0.00701974959400702
mrentabilidad_annual	0.00329153785139948	0.00310450273658365	0.00696736340300697
Master_mfinanciacion_limite	0.00325343615118425	0.0019722894974434	0.00576248101000576
mrentabilidad	0.00321094192411906	0.000704539113754269	0.0053957776730054
mcuentas_saldo_delta1	0.00318749224925568	0.0130328046778953	0.00754361150400754
mcomisiones_lag1	0.00316973724977797	0.00117497922078946	0.00534339148200534
chomebanking_transacciones	0.00316922285669383	0.00147624637658358	0.00602441196500602
mrentabilidad_delta2	0.00314514784859552	0.000732321482179857	0.00450521242600451
chomebanking_transacciones_lag2	0.0031420092632184	0.00283983002645514	0.0055005500550055
mactivos_margen_delta2	0.00312607321487078	0.00286954959897047	0.00565770862800566
Visa_cconsumos	0.00312116850445261	0.00692242600726253	0.00534339148200534
Visa_mpagominimo_lag1	0.00309987457385607	0.00386709303266564	0.00518623290900519
Visa_Fvencimiento_lag2	0.00305296660981408	0.00141204787332337	0.00591963958300592
chomebanking_transacciones_delta2	0.00303561411004001	0.00374049454403309	0.00665304625700665
mactivos_margen_lag1	0.0030336670679042	0.00750072325404622	0.00722929435800723
chomebanking_transacciones_lag1	0.00299852951126674	0.00164866194330668	0.00529100529100529
internet	0.00299787104870254	0.00561645987016678	0.00371941956100372
mpasivos_margen_lag1	0.00298393575706032	0.00122050021484584	0.00591963958300592
mactivos_margen_lag2	0.00294965200840852	0.00871119843772767	0.0064958876840065
ccomisiones_otras_lag2	0.0029254274332848	0.0208162364524191	0.00696736340300697
mprestamos_personales_delta1	0.00291608042118216	0.00748425371723103	0.00413850908900414
mpayroll_lag1	0.00290477128193062	0.0034341444288717	0.00366703337000367
Visa_mpagominimo_lag2	0.0028933765964446	0.00227118577959588	0.00413850908900414
mcomisiones	0.00283880347646496	0.00128455783053588	0.00586725339200587
mrentabilidad_lag2	0.00281810529373497	0.00102977366673816	0.00560532243700561
Visa_fechaalta	0.00281807169008964	0.00414133619140793	0.00639111530200639
cliente_antiguedad_lag1	0.00276744059478537	0.00473467868972719	0.00607679815600608
mcaja_ahorro_lag2	0.00274851614186174	0.00140363754579515	0.00597202577400597
Master_fechaalta_lag2	0.00273940494338229	0.00185006622827489	0.00529100529100529
mpasivos_margen_lag2	0.00273330138533212	0.00162589979525228	0.00513384671800513
mcomisiones_mantenimiento	0.00272975458317202	0.0052026730765991	0.00565770862800566
mttarjeta_visa_debitos_automaticos_lag2	0.00271157442524587	0.00973728040985392	0.00571009481900571
Master_Fvencimiento_lag2	0.00271119848149457	0.00288265984778458	0.00597202577400597
mcuentas_saldo_lag2	0.00270595717793398	0.00197386787850288	0.00481952957200482
mtarjeta_master_consumo	0.00267568191031161	0.00535461591828294	0.00277646812300278
mcaja_ahorro_delta2	0.00259469499334616	0.00385974156328192	0.00576248101000576
Master_Fvencimiento_lag1	0.00259352692223655	0.00343724615678356	0.00597202577400597
Visa_msaldototal_delta1	0.00258030464180411	0.00185838409833519	0.00445282623500445
Visa_fechaalta_lag1	0.00257800483035599	0.00345989053163478	0.00565770862800566
Visa_fultimo_cierre_lag2	0.00256973753899337	0.00523692636709489	0.00340510241500341
cproductos_lag1	0.0025594237968181	0.00160797515400151	0.00267169574100267
Master_fechaalta_lag1	0.0025522906894029	0.00217534480862446	0.00497668814500498
mcuenta_corriente_delta1	0.0025471274204123	0.00243141897423648	0.00518623290900519
internet_lag1	0.00252801723635411	0.0164973224856626	0.00408612289800409
chomebanking_transacciones_delta1	0.0025249644577405	0.00388764280559483	0.00586725339200587
Visa_Fvencimiento_lag1	0.0025086437877266	0.00114623045168729	0.0055005500550055
mrentabilidad_lag1	0.00250573350009374	0.00312672334804024	0.00607679815600608
mttarjeta_visa_debitos_automaticos_lag1	0.002495283320406	0.00334117954556305	0.00460998480800461
cdescubierto_preacordado_delta2	0.00248972590281606	0.00526107097443151	0.0022002200220022
mcomisiones_mantenimiento_delta2	0.00243595202263684	0.00151977843439555	0.00387657813400388
ccallcenter_transacciones_delta2	0.00241860764753671	0.00676736382672056	0.00502907433600503
cproductos_delta1	0.00236484945541861	0.00611688701596377	0.00240976478600241
mtransferencias_recibidas	0.00236483695462347	0.0073519074560095	0.00455759861700456
mtarjeta_visa_consumo_lag2	0.00235378963936906	0.0023541113228463	0.00356226098800356
mtarjeta_visa_consumo_delta2	0.00234176224806012	0.00171858400410474	0.00366703337000367
mttarjeta_visa_debitos_automaticos	0.00234053774215149	0.00107161947644475	0.00513384671800513
mttarjeta_visa_debitos_automaticos_delta2	0.00229078027879211	0.00125130396124093	0.00492430195400493
ctarjeta_visa_delta2	0.00227439774999499	0.000172173416211885	0.000261930955000262
Visa_mlimitecompra	0.00227343598798078	0.00159629029115114	0.00403373670700403
mttarjeta_visa_debitos_automaticos_delta1	0.0022580678365649	0.00107568100092835	0.00529100529100529
ccomisiones_mantenimiento	0.00220477470789452	0.00691176367997999	0.00246215097700246
mpasivos_margen_delta1	0.00219417009465264	0.00947918428747323	0.00513384671800513
ctarjeta_visa_transacciones_delta2	0.00216606114532693	0.00703099528965083	0.00413850908900414
kmes_lag2	0.00214868114786476	0.00560377558611557	0.00471475719000472
Visa_fultimo_cierre_lag1	0.00212824042948533	0.00252771562844264	0.00476714338100477
Visa_cconsumos_delta2	0.00211598505804766	0.00184425241463739	0.00403373670700403
mcomisiones_delta1	0.00209111200206918	0.000949099022557921	0.00476714338100477
Visa_mpagominimo_delta2	0.0020775797419163	0.000716139223925707	0.00366703337000367
mcomisiones_mantenimiento_lag2	0.00205709311909075	0.0056045460650149	0.00471475719000472
Visa_msaldototal_lag2	0.00201747825907882	0.00073080804148475	0.00392896432500393
cprestamos_personales_delta2	0.00201115789338022	0.0071045771252207	0.00240976478600241
ctarjeta_visa_transacciones_delta1	0.00198876908193692	0.00384828784410135	0.00314317146000314
Master_mlimitecompra_lag2	0.00198159265697547	0.000450173209930468	0.00335271622400335
mactivos_margen_delta1	0.00197429484656537	0.000839246342460167	0.00455759861700456
Master_msaldototal	0.00196822796870169	0.0054661108191204	0.00366703337000367
mpayroll_lag2	0.00196792534317895	0.00203386066765691	0.00188590287600189
mcaja_ahorro_delta1	0.00195463744928043	0.000914981116211581	0.00466237099900466
Master_mfinanciacion_limite_lag2	0.00194329482898546	0.00642853802595253	0.00460998480800461
cprestamos_personales	0.00191743054669375	0.00187564942978497	0.00225260621300225
Visa_cconsumos_lag2	0.00190889468439879	0.000869139823069911	0.00403373670700403
Visa_mfinanciacion_limite_lag2	0.00190730040774399	0.00456015751424065	0.00398135051600398
Visa_cconsumos_delta1	0.00189953256352895	0.00123082022936025	0.00434805385300435
cliente_antiguedad_lag2	0.00189815964381894	0.00399851141715555	0.00471475719000472
mpasivos_margen_delta2	0.00187507292341983	0.00075540943274026	0.00466237099900466
mpayroll_delta2	0.0018652621440013	0.00544629740388214	0.00371941956100372
Master_mlimitecompra	0.00185425154341515	0.00176933985193998	0.00455759861700456
Visa_mfinanciacion_limite_lag1	0.00179700041121194	0.000690549418310775	0.00408612289800409
mcomisiones_mantenimiento_delta1	0.00178795304080855	0.00141036602795456	0.00277646812300278
Master_mfinanciacion_limite_lag1	0.00178480770159986	0.000722319565382451	0.00361464717900362
Visa_msaldototal_delta2	0.00177452979059298	0.000792115047504196	0.00361464717900362
Visa_fultimo_cierre	0.00176757823052287	0.00319690957303236	0.00434805385300435
Visa_mlimitecompra_lag2	0.00175158603817259	0.00300725068854232	0.0031955576510032
Visa_mconsumototal_lag2	0.00173114760861718	0.000734931204280291	0.00382419194300382
Visa_mconsumototal_lag1	0.0017233610622502	0.00088219173562451	0.00340510241500341
cprestamos_personales_delta1	0.0017153341173325	0.000893127032574243	0.000523861910000524
Master_fultimo_cierre_lag2	0.00171491417712697	0.0052514025649291	0.00371941956100372
ccallcenter_transacciones	0.00169669040894256	0.00451304162886266	0.00366703337000367
mtransferencias_recibidas_lag2	0.00169400862211331	0.00219381648989375	0.00303839907800304
Master_mpagominimo_delta2	0.00167349245874568	0.00425118777082154	0.00293362669600293
ctarjeta_visa_transacciones_lag2	0.00167315997621473	0.000845428885285195	0.00340510241500341
mtarjeta_visa_consumo_lag1	0.00166274665525247	0.00439554469739944	0.00303839907800304
Visa_mlimitecompra_lag1	0.00165630019504329	0.000853440765154054	0.00277646812300278
Master_fultimo_cierre	0.00164545583074192	0.00595212890881584	0.00366703337000367
mtransferencias_recibidas_delta2	0.00164131252786305	0.000563476534813064	0.00345748860600346
mcomisiones_delta2	0.00162711700758079	0.00219818510525293	0.00377180575200377
mrentabilidad_delta1	0.00161101156365096	0.000834041207153143	0.00382419194300382
Visa_cconsumos_lag1	0.0015806926060791	0.00105702990814392	0.00335271622400335
Visa_mconsumototal_delta1	0.00157366727108839	0.000375958480979012	0.00350987479700351
mtransferencias_recibidas_lag1	0.00157121011352499	0.0103731654509416	0.00392896432500393
ccomisiones_mantenimiento_delta1	0.00155320021130993	0.00503238403163814	0.0020954476400021
Visa_mfinanciacion_limite_delta2	0.00154312121573827	0.000496362319260977	0.00293362669600293
Visa_mlimitecompra_delta1	0.00152895894891969	0.000362365031826601	0.00366703337000367
ccomisiones_otras	0.00149437732595149	0.0009842504713135	0.00324794384200325
Visa_mconsumototal_delta2	0.00149094982462477	0.000571501622891626	0.00366703337000367
kmes	0.0014891567398114	0.000200956306522456	0.00298601288700299
ccomisiones_otras_lag1	0.00144480478225541	0.00120726008530298	0.0031955576510032
Master_mlimitecompra_delta1	0.0014312344825676	0.000638581717235314	0.0031955576510032
Master_mlimitecompra_delta2	0.00142243868817593	0.00202984757327555	0.00324794384200325
Visa_mlimitecompra_delta2	0.00139930698897496	0.00161832708835603	0.00340510241500341
thomebanking	0.00137984027632403	0.000858360823268327	0.00183351668500183
Master_mpagominimo_delta1	0.00136935189005629	0.00179099140969521	0.00272408193200272
Master_mfinanciacion_limite_delta2	0.00134189975238372	0.00060271922652407	0.00303839907800304
mpayroll_sobre_edad_lag2	0.00132959497315094	0.000993027326660976	0.00183351668500183
Master_fultimo_cierre_lag1	0.00128259493892142	0.00110806422906706	0.00335271622400335
ccomisiones_otras_delta2	0.00127059586213567	0.00605816881904607	0.00345748860600346
Master_mpagominimo	0.00125370145895697	0.00478814662328806	0.00267169574100267
ccallcenter_transacciones_delta1	0.00121024552045086	0.00160808852446812	0.00240976478600241
Master_msaldototal_lag2	0.00120831698238832	0.0151895105012609	0.00277646812300278
Master_msaldototal_lag1	0.00117378726714437	0.00230844944121975	0.00272408193200272
cproductos_lag2	0.00116907131497803	0.00242398935627868	0.00272408193200272
mpayroll_sobre_edad_delta2	0.00113352725721777	0.00288168794368729	0.00225260621300225
mcomisiones_mantenimiento_lag1	0.00112172396415523	0.00112889687782072	0.00282885431400283
mtransferencias_recibidas_delta1	0.0011175946114557	0.000518962666746521	0.00293362669600293
Master_msaldototal_delta2	0.00110887599495331	0.00788081590466219	0.00314317146000314
Master_mfinanciacion_limite_delta1	0.00110611431536919	0.000435656286783007	0.00298601288700299
Master_status_delta1	0.00110361618233875	1.70936247236394e-06	0.000104772382000105
mtarjeta_visa_consumo_delta1	0.00108347942737518	0.000935081810010879	0.00267169574100267
ctarjeta_master_transacciones	0.00107967875271672	0.0022777700721327	0.00146681334800147
Master_mconsumototal_lag2	0.00106677728388164	0.000449290461248668	0.00235737859500236
internet_lag2	0.00106258754745287	0.000651576394214534	0.00183351668500183
Master_mpagominimo_lag1	0.00105997913172425	0.00154845455834436	0.0020954476400021
mpayroll_delta1	0.00103140314965797	0.00692708080049861	0.00256692335900257
mpayroll_sobre_edad_delta1	0.00101770635278901	0.00324866264070015	0.00246215097700246
Master_fultimo_cierre_delta2	0.000984258527572274	0.00343608713638214	0.00214783383100215
Master_mlimitecompra_lag1	0.000943585491803567	0.00084638978254107	0.00240976478600241
ccomisiones_otras_delta1	0.000941454593192714	0.0103474072406529	0.00288124050500288
Master_mconsumototal_delta1	0.000878624267005246	0.000909652704280664	0.00214783383100215
Master_mconsumototal	0.00082642573030094	0.00222663228690022	0.00225260621300225
thomebanking_delta2	0.000772791015143075	0.000611236320414058	0.00130965477500131
Master_msaldototal_delta1	0.000772338775086698	0.00239280697453878	0.00225260621300225
cpayroll_trx_lag1	0.000772177335983972	0.00109867539333669	0.000995337629000995
Master_cconsumos_lag1	0.000755147681466095	0.00106155261928297	0.00188590287600189
ccallcenter_transacciones_lag1	0.000698080180073822	0.00107715591767849	0.00172874430300173
mpayroll_sobre_edad_lag1	0.000692660511453431	0.000812745170375746	0.00136204096600136
ctarjeta_visa_lag2	0.000676400253520463	0.000108911595156432	0.00020954476400021
ccallcenter_transacciones_lag2	0.000664942513882794	0.00106033526262204	0.00172874430300173
Visa_status_delta1	0.000651828948376868	0.000550829674022683	0.000419089528000419
ctarjeta_master_transacciones_delta2	0.000647444968411114	0.00265894029252359	0.00141442715700141
Master_mconsumototal_lag1	0.000642460913498393	0.000339815315811585	0.00188590287600189
Master_mpagominimo_lag2	0.000640263167356815	0.00101716202784032	0.00162397192100162
ctarjeta_master_delta2	0.000601235752381608	0.000437298507522715	0.000471475719000472
internet_delta2	0.000598542537906894	0.000120616270321351	0.0011001100110011
Master_fultimo_cierre_delta1	0.000582787484429593	0.000266956629722945	0.00104772382000105
cdescubierto_preacordado_delta1	0.000574219948702809	0.000631999626066778	0.000523861910000524
Master_mconsumototal_delta2	0.000573271741093727	0.00100095665521919	0.00151919953900152
Visa_fultimo_cierre_delta1	0.000554364274661858	0.000674304421060537	0.0011001100110011
mtarjeta_master_consumo_delta2	0.000529467692147091	0.000661671869164001	0.00120488239300121
Visa_status_lag1	0.000525799216807038	0.00389430964944229	0.000681020483000681
ctarjeta_master_transacciones_lag1	0.000521331424657264	0.00127663400539838	0.00125726858400126
Visa_Fvencimiento_delta2	0.00051741065531819	0.000531856080784686	0.000942951438000943
Master_cconsumos_delta2	0.00049977983393027	0.000500723229831168	0.00125726858400126
thomebanking_lag2	0.000499623178600011	0.000108641927541668	0.000942951438000943
Master_cconsumos_delta1	0.000498320247711005	0.00126594636238057	0.00120488239300121
kmes_delta2	0.000488829643126269	0.00402664820587483	0.000942951438000943
cprestamos_personales_lag2	0.000485260822433113	0.000338360211375999	0.000733406674000733
mtarjeta_master_consumo_lag1	0.000480469134482207	0.00281032618803163	0.0011001100110011
mtarjeta_master_consumo_lag2	0.000458693977677629	0.000354542469630149	0.000995337629000995
cdescubierto_preacordado_lag1	0.000443560326895324	0.00060890287003324	0.000942951438000943
Visa_fultimo_cierre_delta2	0.000437876579935569	0.00143395809185195	0.00120488239300121
Master_status_lag2	0.000437873416040564	0.00193063410609336	0.0011001100110011
kmes_lag1	0.000435815042194169	7.12858084498716e-05	0.000995337629000995
Visa_fechaalta_delta2	0.000402451280495331	0.00010166359008205	0.000576248101000576
ccomisiones_mantenimiento_lag1	0.000390101889500094	0.000273652091358096	0.000890565247000891
ctarjeta_master_transacciones_lag2	0.000384226163306999	0.000190922469884935	0.000838179056000838
mtarjeta_master_consumo_delta1	0.000383653317856505	0.000848346798945361	0.000681020483000681
cpayroll_trx_delta1	0.000376399323829111	0.000283973206556651	0.000838179056000838
ccomisiones_mantenimiento_lag2	0.000372037621392896	0.000710773388733966	0.000995337629000995
cpayroll_trx_lag2	0.000353607601965835	0.000184373399240656	0.000838179056000838
Master_cconsumos	0.000322885690297076	0.000680655368559275	0.00104772382000105
Master_cconsumos_lag2	0.000314297035628605	0.000901889579027874	0.000733406674000733
ctarjeta_master	0.000308229609121468	0.00016058101082944	0.00020954476400021
thomebanking_delta1	0.000301720451072387	0.000275401078459568	0.000890565247000891
thomebanking_lag1	0.000278648479680554	0.000142460447801412	0.000628634292000629
cpayroll_trx_delta2	0.000278555659322721	0.000295994878754436	0.000576248101000576
cprestamos_personales_lag1	0.00022400769801702	0.000374625552483177	0.000576248101000576
Master_Fvencimiento_delta2	0.00020599540161694	0.000201594703324755	0.000419089528000419
Visa_status_lag2	0.000186428964589291	0.000196025241566763	0.000419089528000419
cdescubierto_preacordado_lag2	0.00018624571614299	0.00020974967213206	0.000523861910000524
Master_status_lag1	0.000175949470023571	0.000192386379793656	0.000471475719000472
cliente_edad_delta2	0.000160662307883204	5.92509280423846e-05	0.000366703337000367
Master_fechaalta_delta2	0.000136094988833533	9.9866172878334e-05	0.000366703337000367
ctarjeta_master_transacciones_delta1	0.000124967525659071	0.000877623896435643	0.000471475719000472
ctarjeta_master_lag2	9.527203394212e-05	0.000204659007975793	0.000366703337000367
Visa_fechaalta_delta1	9.50766586364479e-05	0.000136783118997514	0.000314317146000314
Visa_Fvencimiento_delta1	9.34817827649116e-05	5.62218452838878e-05	0.00020954476400021
ctarjeta_visa_lag1	7.85891810895973e-05	3.58008523992978e-05	0.000104772382000105
ctarjeta_master_lag1	7.44360666114076e-05	0.000280891290959343	0.000261930955000262
Master_Fvencimiento_delta1	6.85143723724593e-05	0.000692783807118823	0.00020954476400021
internet_delta1	6.83343498883693e-05	4.03378724321917e-05	0.00020954476400021
Master_status_delta2	6.0389473142814e-05	0.000283185116711054	0.000104772382000105
Visa_status_delta2	5.9286233912244e-05	0.000202301342543852	0.000104772382000105
cliente_edad_delta1	3.89178563944437e-05	3.59197262866226e-05	0.000157158573000157
Master_fechaalta_delta1	2.69719497492743e-05	5.94864744487503e-05	5.23861910000524e-05
kmes_delta1	2.03336490001447e-05	4.61406792282655e-06	5.23861910000524e-05
