Feature	Gain	Cover	Frequency
ctrx_quarter	0.15992407538521	0.0401384511775757	0.0102423852423852
mcaja_ahorro	0.0920821599289851	0.0292975567771098	0.00922350922350922
mcuenta_corriente	0.0401797094198945	0.00872850628498319	0.0107250107250107
mtarjeta_visa_consumo	0.0308730530741836	0.0214073201648955	0.00799013299013299
Master_status	0.0281172913091555	0.00213914476427451	0.000482625482625483
cdescubierto_preacordado	0.0251096650990595	0.00488797927898834	0.00332475332475332
mcuentas_saldo	0.0214813183569886	0.0316172597701321	0.0143715143715144
ctarjeta_visa_transacciones	0.0208662784570984	0.012838678927165	0.00541613041613042
cpayroll_trx	0.020096701488961	0.0230463310792217	0.00530888030888031
Visa_status	0.018030331212572	0.00523252964479833	0.00214500214500214
foto_mes	0.0145531504397537	0.0238193209575246	0.018983268983269
mprestamos_personales	0.0113810396388749	0.0187336392534624	0.0104568854568855
mpayroll	0.00929060578201047	0.0194846120048247	0.00579150579150579
mpasivos_margen	0.00837608279939533	0.00884604252605299	0.00777563277563278
cproductos	0.00757734865025691	0.0270623272767567	0.00691763191763192
cprestamos_personales	0.00743228634694587	0.000903128176403652	0.00203775203775204
ctrx_quarter_delta1	0.00737254807811007	0.0140687623358295	0.0104568854568855
mpayroll_sobre_edad	0.00722617599892599	0.0188062565299055	0.00568425568425568
Visa_msaldototal	0.00715689404886576	0.00623960665279669	0.00568425568425568
mcuentas_saldo_lag1	0.00697555924179605	0.00264591862582383	0.00579150579150579
mcaja_ahorro_lag1	0.00689825447677093	0.00541847883584929	0.00579150579150579
Visa_mpagominimo	0.00686645154637059	0.0153752725822868	0.00900900900900901
ctrx_quarter_delta2	0.00668187140021158	0.00759415575653637	0.00965250965250965
mactivos_margen	0.00525347499471825	0.00962119190994998	0.00884813384813385
mprestamos_personales_delta2	0.00508042981011679	0.0161715887097799	0.00697125697125697
mrentabilidad_annual_lag2	0.00477146190435134	0.00447884814942491	0.00863363363363363
Master_fechaalta	0.00474608157910554	0.00394808567587855	0.00654225654225654
Visa_mconsumototal	0.00469595715610802	0.00656964120896647	0.00466537966537967
ccomisiones_mantenimiento_delta2	0.0045597655527284	0.00309652739805745	0.0037001287001287
ctarjeta_visa_delta1	0.00443352646395921	0.000687955444693619	0.000268125268125268
mcuentas_saldo_delta2	0.00430558661379572	0.00812255197991403	0.00884813384813385
ctrx_quarter_lag1	0.00428533190733843	0.00338557113651758	0.00487987987987988
Visa_mpagominimo_delta1	0.0042317743084584	0.00489640665594919	0.00552338052338052
Visa_cconsumos	0.00419871579541177	0.00946030484234747	0.00487987987987988
cproductos_delta2	0.00410674190405915	0.0123103061088335	0.00402187902187902
numero_de_cliente	0.00407300988375341	0.00201445516092421	0.0095988845988846
cliente_edad	0.00400170397687239	0.00512750730175222	0.00858000858000858
mtransferencias_recibidas	0.00392892258165632	0.00963302784180269	0.00536250536250536
mrentabilidad_annual	0.00384469100822402	0.0021527040876942	0.00697125697125697
mrentabilidad_annual_delta1	0.00376753965222761	0.00762767802401031	0.00713213213213213
mactivos_margen_lag1	0.00373450638401933	0.00580395526540784	0.00654225654225654
mcuentas_saldo_delta1	0.00368189628084265	0.0127611676555659	0.00922350922350922
mrentabilidad_annual_lag1	0.00367545342507276	0.00211590199308238	0.00804375804375805
mprestamos_personales_delta1	0.00357371683947634	0.00768475903079982	0.00396825396825397
cprestamos_personales_delta1	0.00353667554267284	0.00109481316410487	0.000911625911625912
mcuenta_corriente_lag2	0.00349763748800132	0.00899716578855784	0.00632775632775633
mpasivos_margen_lag1	0.00347729325039205	0.00177325601786315	0.00461175461175461
Master_mfinanciacion_limite	0.00346125809498199	0.00183160245748273	0.00563063063063063
mprestamos_personales_lag1	0.00346097603476866	0.00154389670749583	0.00268125268125268
cproductos_delta1	0.0034468891430911	0.00544235744412929	0.00321750321750322
cdescubierto_preacordado_delta2	0.00335347764830565	0.0065327025849186	0.00294937794937795
mrentabilidad_delta2	0.0033478820220393	0.000647049665318411	0.00396825396825397
ctrx_quarter_lag2	0.0033033357720714	0.00201740185623814	0.00455812955812956
cliente_edad_lag2	0.00328192472393267	0.00384542022098266	0.0080973830973831
Master_msaldototal_lag1	0.00326522454975486	0.00353134088479308	0.00305662805662806
internet	0.0031960569727716	0.00701145280450962	0.00343200343200343
Visa_Fvencimiento	0.00314553684498057	0.00173212633021283	0.00723938223938224
mcuenta_corriente_delta2	0.00307735927213334	0.00723601642091487	0.00552338052338052
cliente_edad_lag1	0.00306260632816771	0.00469130433544177	0.00782925782925783
cprestamos_personales_delta2	0.00303701680527688	0.00973128456616667	0.00321750321750322
Master_Fvencimiento	0.00301876308743125	0.00431232046569326	0.00675675675675676
Visa_Fvencimiento_lag2	0.00301415581774436	0.000965514326993721	0.00648863148863149
mtarjeta_master_consumo	0.00301339951347913	0.0072581474524135	0.00364650364650365
ccallcenter_transacciones_delta2	0.00298098308750803	0.00418037529802747	0.00584513084513085
ctarjeta_visa	0.00295138423307446	0.00256634458948813	0.000911625911625912
chomebanking_transacciones	0.0029429759616765	0.00335944876447722	0.00675675675675676
mcomisiones_mantenimiento	0.00293600909208262	0.00350949305435321	0.00514800514800515
mcuenta_corriente_lag1	0.00292766783195683	0.0077823112632738	0.00579150579150579
chomebanking_transacciones_delta2	0.00290677767007707	0.00257514332651501	0.00605963105963106
Visa_fechaalta	0.00281927813794465	0.00452268970175916	0.00573788073788074
mcomisiones_mantenimiento_delta2	0.00276582617846534	0.00100949865010967	0.0037001287001287
mcuentas_saldo_lag2	0.00276017814461793	0.00246180126972048	0.00632775632775633
mttarjeta_visa_debitos_automaticos_delta2	0.00275269554225087	0.00405897020282428	0.00600600600600601
mrentabilidad_lag2	0.00275088056949729	0.00166600707475721	0.00584513084513085
mtarjeta_visa_consumo_delta2	0.00273497464095004	0.00123888292585958	0.00482625482625483
mcomisiones_lag1	0.00270382884473583	0.00200576720778257	0.00552338052338052
Visa_mpagominimo_lag1	0.00269772838737167	0.00287524126828547	0.00386100386100386
Visa_msaldototal_lag2	0.00268406208506679	0.00114246115711604	0.00477262977262977
Master_Fvencimiento_lag2	0.0026696551009786	0.00203989644612076	0.00643500643500644
mcaja_ahorro_delta2	0.00262920792452146	0.00233789885608999	0.00557700557700558
cliente_antiguedad	0.00259790124405444	0.00734227377023102	0.00638138138138138
cliente_antiguedad_lag1	0.00256993015035777	0.00391034113807391	0.00638138138138138
Visa_mpagominimo_lag2	0.00255814404735355	0.00119575054642455	0.00418275418275418
mrentabilidad_lag1	0.0025413546798818	0.000534026697320121	0.00504075504075504
mtransferencias_recibidas_lag1	0.00252204999953418	0.00867828373689233	0.0050943800943801
mcomisiones_lag2	0.00251334577984026	0.00157944819247349	0.00563063063063063
ctarjeta_visa_transacciones_delta2	0.00250962193557583	0.00670655448776785	0.00445087945087945
mttarjeta_visa_debitos_automaticos_lag2	0.0024734723679536	0.00298219296730493	0.00525525525525526
chomebanking_transacciones_lag2	0.00246573934741997	0.00096828782496593	0.00611325611325611
mactivos_margen_delta2	0.00245475286201977	0.00191464668199857	0.00557700557700558
mactivos_margen_lag2	0.00244041309173446	0.00688462866094779	0.00568425568425568
Visa_fechaalta_lag1	0.00243384120549517	0.00300080309969004	0.00536250536250536
mcaja_ahorro_lag2	0.00238381558740775	0.00355521247155923	0.00552338052338052
mcomisiones	0.00238332111913088	0.000696232249190712	0.00584513084513085
Visa_mfinanciacion_limite	0.00237274443067184	0.00150158584518168	0.00482625482625483
mpasivos_margen_lag2	0.00235502949420707	0.00344930073675832	0.00557700557700558
cprestamos_personales_lag2	0.00235276892260768	0.00047712356888158	0.000858000858000858
ctarjeta_visa_transacciones_delta1	0.0023262005240292	0.00675735826117215	0.00423637923637924
chomebanking_transacciones_lag1	0.00231861441190245	0.000888311221835946	0.00471900471900472
Master_fechaalta_lag1	0.00230122241125661	0.00186119111686219	0.0058987558987559
Visa_fechaalta_lag2	0.00229625960628616	0.00237700712791865	0.00530888030888031
mprestamos_personales_lag2	0.00229238028840732	0.00194396384284236	0.003003003003003
mrentabilidad	0.00228350288348219	0.00433368147117261	0.00541613041613042
ccomisiones_mantenimiento_delta1	0.00227249023847997	0.00577255427528592	0.00268125268125268
Master_mfinanciacion_limite_lag2	0.00223061429230416	0.00685522880227417	0.0052016302016302
Master_Fvencimiento_lag1	0.0022188783131939	0.00442435730107921	0.00584513084513085
Visa_msaldototal_delta2	0.00221568245879939	0.00117004088336514	0.00450450450450451
mpasivos_margen_delta1	0.00220121757793437	0.00556588459685271	0.00386100386100386
Master_fechaalta_lag2	0.00217546976932102	0.00214650097028857	0.00477262977262977
Visa_mfinanciacion_limite_lag2	0.00215589400469669	0.00161856114531139	0.0037001287001287
cliente_antiguedad_lag2	0.00215417389180062	0.00237903244458134	0.00605963105963106
chomebanking_transacciones_delta1	0.0021528426329436	0.00699616072750448	0.00568425568425568
mcomisiones_mantenimiento_lag2	0.00214582996256566	0.00312844954054096	0.00477262977262977
mactivos_margen_delta1	0.0021437712134251	0.000931815741505227	0.00450450450450451
mttarjeta_visa_debitos_automaticos_lag1	0.00204914457738542	0.00376699225174152	0.00504075504075504
kmes_lag2	0.00204623198642074	0.00220325742710439	0.0043972543972544
mrentabilidad_annual_delta2	0.00204216276716299	0.00211499309712242	0.00504075504075504
ccallcenter_transacciones	0.00202877199192196	0.00684111087841901	0.00402187902187902
Visa_Fvencimiento_lag1	0.00201921143804882	0.00105223938510531	0.00514800514800515
mttarjeta_visa_debitos_automaticos_delta1	0.00198839545633268	0.00100093474371278	0.00445087945087945
mcomisiones_mantenimiento_lag1	0.00198433634274326	0.000822426797010326	0.00337837837837838
mttarjeta_visa_debitos_automaticos	0.00198274545364135	0.00129414614072918	0.00461175461175461
Visa_msaldototal_lag1	0.00197380298173878	0.00159654323820262	0.00402187902187902
mtarjeta_visa_consumo_lag1	0.00194473146815629	0.00188220104664886	0.00321750321750322
Master_mlimitecompra_delta2	0.00193321332554613	0.000962826647524168	0.00412912912912913
Visa_fultimo_cierre	0.00193202546026771	0.00101733934057963	0.00450450450450451
Visa_mconsumototal_lag2	0.00191195412817715	0.000435858131963422	0.00423637923637924
Visa_mconsumototal_lag1	0.00187977778946561	0.000752782741600155	0.00450450450450451
mcuenta_corriente_delta1	0.0018495188721292	0.00213351351016385	0.00461175461175461
Visa_cconsumos_lag2	0.00183442236551317	0.0011634703067345	0.00450450450450451
Visa_fultimo_cierre_lag2	0.00183095265217133	0.0115196680455435	0.00504075504075504
Visa_mlimitecompra	0.00181693891427666	0.000533995490591882	0.00396825396825397
kmes	0.00180097852829214	0.000208378246804276	0.00246675246675247
Visa_mconsumototal_delta1	0.00179154020169799	0.000657222278556001	0.00386100386100386
cpayroll_trx_lag1	0.00175135942307985	0.000983073572805397	0.000750750750750751
cdescubierto_preacordado_delta1	0.00173762781198815	0.00135920592776109	0.000858000858000858
cproductos_lag2	0.00173304639810722	0.00131518805741229	0.00332475332475332
Master_mlimitecompra	0.00169529144325343	0.000691730678642288	0.00359287859287859
Master_mfinanciacion_limite_delta2	0.00165802231904891	0.000363789313769109	0.00396825396825397
Master_mfinanciacion_limite_lag1	0.00164524385794953	0.000514877468704686	0.00380737880737881
Visa_cconsumos_delta2	0.00163798305922942	0.00377261102316089	0.00412912912912913
Master_fultimo_cierre_lag2	0.00162453291610218	0.00598903534907736	0.00391462891462892
mcomisiones_delta2	0.00162409386759028	0.000419739076659959	0.00364650364650365
Visa_cconsumos_lag1	0.00161376905797379	0.000551291039549941	0.0037001287001287
Visa_mconsumototal_delta2	0.00160600610462978	0.000730640007578429	0.00359287859287859
mpayroll_delta1	0.00159915714043244	0.00670973445337537	0.00380737880737881
Master_fultimo_cierre_delta1	0.00159324879448678	0.000115552273322032	0.000643500643500644
mtransferencias_recibidas_lag2	0.00158319662740595	0.00142022834432713	0.00327112827112827
mpayroll_delta2	0.00158308029499786	0.00852692018258005	0.00343200343200343
Master_msaldototal	0.00158268266769701	0.00477482056172222	0.00311025311025311
mpayroll_lag2	0.001575672807586	0.00215083168399988	0.00214500214500214
Visa_mfinanciacion_limite_delta2	0.0015601382466997	0.000636285684580698	0.00321750321750322
cproductos_lag1	0.00152707421039533	0.00295379796528059	0.00268125268125268
thomebanking	0.00151341088345059	0.00284717549724405	0.00252037752037752
ccomisiones_otras	0.00151099270859577	0.00100681175080832	0.00359287859287859
ccomisiones_otras_lag2	0.00150760812443178	0.0215332510158615	0.00461175461175461
Visa_mpagominimo_delta2	0.00150369994193859	0.00121507141204529	0.00348562848562849
Master_fultimo_cierre	0.00150134309859721	0.00440880542806149	0.00386100386100386
mpayroll_lag1	0.0014708462460434	0.00182245186459495	0.00246675246675247
internet_lag1	0.00145880202686472	0.0136326849766002	0.00305662805662806
Visa_msaldototal_delta1	0.00142468166406339	0.00175328839279966	0.00380737880737881
mcomisiones_delta1	0.00141208464469687	0.000240476707302334	0.00353925353925354
Master_mlimitecompra_lag2	0.00139816248474173	0.000593155645650282	0.00305662805662806
ccomisiones_otras_delta2	0.00139085320937737	0.00380733865051305	0.00391462891462892
ctarjeta_visa_delta2	0.00138130299929957	0.000741130929444054	0.000429000429000429
Visa_mfinanciacion_limite_lag1	0.00137050841971851	0.000419121183440834	0.00316387816387816
mrentabilidad_delta1	0.00136293592686091	0.00092220718988055	0.00380737880737881
internet_lag2	0.00134909687998253	0.000922438119669516	0.00187687687687688
Visa_cconsumos_delta1	0.00133943988712613	0.00229113557382439	0.00359287859287859
mcaja_ahorro_delta1	0.00124826550413369	0.000738748295743033	0.00337837837837838
Master_msaldototal_lag2	0.00124819826363358	0.015723190934242	0.0028957528957529
ccallcenter_transacciones_delta1	0.0012474224130075	0.0031150774574907	0.00316387816387816
Master_mpagominimo	0.00123313313178515	0.00617040105191827	0.00294937794937795
ccomisiones_mantenimiento	0.00123015995222648	0.00581588325710886	0.00225225225225225
mpasivos_margen_delta2	0.00122534685549643	0.000848980602068584	0.00359287859287859
ctarjeta_visa_transacciones_lag2	0.00121536055999227	0.000603821325194042	0.0028957528957529
Visa_mlimitecompra_delta2	0.00120442047744467	0.000491896053861546	0.00268125268125268
thomebanking_delta2	0.00120337580628278	0.000634690240599498	0.0015015015015015
Master_mpagominimo_delta2	0.0011819789512502	0.00345806904722517	0.00284212784212784
mtarjeta_visa_consumo_delta1	0.00118174083651694	0.00173437555515063	0.0028957528957529
Master_mlimitecompra_lag1	0.00117977998273951	0.000883602126544736	0.00294937794937795
Visa_mlimitecompra_lag1	0.00117724697052143	0.000739693079440458	0.00257400257400257
Master_fultimo_cierre_lag1	0.00117106345347497	0.000447699524993574	0.00268125268125268
ccomisiones_otras_lag1	0.00116113359161676	0.00364899883210302	0.00305662805662806
Visa_mlimitecompra_lag2	0.00114158979615696	0.00135081209803311	0.00273487773487773
Visa_fultimo_cierre_lag1	0.00112637318576567	0.000531491150650731	0.003003003003003
mtransferencias_recibidas_delta2	0.00112512395245692	0.000525948055547343	0.00311025311025311
Master_mfinanciacion_limite_delta1	0.00110916379723466	0.000397366193017473	0.00257400257400257
Visa_mlimitecompra_delta1	0.00108906946440732	0.00073149663226858	0.00257400257400257
Master_mpagominimo_delta1	0.00108797888567245	0.00163992215079074	0.00225225225225225
ctarjeta_visa_transacciones_lag1	0.00107976244644611	0.000539735188083173	0.00203775203775204
mpayroll_sobre_edad_delta2	0.00107343485519515	0.0017759039087542	0.00187687687687688
mcomisiones_mantenimiento_delta1	0.00106044982750868	0.000774471417726009	0.00252037752037752
mtransferencias_recibidas_delta1	0.00104486265221451	0.000489933930823542	0.00321750321750322
Visa_mfinanciacion_limite_delta1	0.0010427766491924	0.000370258468532979	0.00252037752037752
Master_msaldototal_delta2	0.000974206208515826	0.00504755800450945	0.00235950235950236
Master_mconsumototal	0.000968609452987383	0.00209589535960858	0.00268125268125268
Visa_status_lag1	0.000940794042186844	0.00391092158321915	0.00101887601887602
kmes_lag1	0.000927527849104516	0.000285865333189022	0.00187687687687688
ctarjeta_master_transacciones	0.00092406657546254	0.00126890847943439	0.00176962676962677
mpayroll_sobre_edad_lag2	0.000878005822995247	0.000871724065608904	0.00193050193050193
Master_mconsumototal_delta2	0.000815714789674309	0.00150360179982589	0.0028957528957529
Master_mlimitecompra_delta1	0.00081563259841911	0.000256094894617566	0.00230587730587731
Master_msaldototal_delta1	0.000801302233536883	0.00202883132045554	0.00176962676962677
Visa_fultimo_cierre_delta2	0.00079359319018352	0.00134957397109024	0.00166237666237666
mtarjeta_visa_consumo_lag2	0.000790554884729391	0.000878892251085319	0.00214500214500214
ctarjeta_master	0.000789665623354048	0.000397743014260954	0.000750750750750751
thomebanking_delta1	0.000788137014898092	0.00109928274775685	0.00155512655512656
ccomisiones_mantenimiento_lag2	0.000782850299506402	0.00152876456497292	0.00209137709137709
Master_mconsumototal_lag2	0.00076621620250462	0.000753712702101667	0.0021986271986272
ccomisiones_otras_delta1	0.000736960983141521	0.00748249184155287	0.00241312741312741
mpayroll_sobre_edad_delta1	0.000728760541999486	0.00186453803846579	0.00187687687687688
Master_mpagominimo_lag1	0.000720915253787602	0.00206972851798048	0.0015015015015015
mpayroll_sobre_edad_lag1	0.000698722822559109	0.000805043089044992	0.00171600171600172
Visa_fultimo_cierre_delta1	0.000670389667794143	5.72136353845146e-05	0.000965250965250965
ccomisiones_mantenimiento_lag1	0.000664537830369407	0.00123449994087846	0.00171600171600172
ccallcenter_transacciones_lag2	0.000653954227021195	0.000757771917277308	0.00193050193050193
Master_cconsumos	0.000639480965067463	0.00170779522437337	0.00160875160875161
Master_cconsumos_delta2	0.00060276811660039	0.000385411675597456	0.00128700128700129
Master_cconsumos_lag2	0.000601527993490871	0.000958573950633448	0.00144787644787645
Master_cconsumos_lag1	0.000585440567361404	0.00209568393402477	0.00176962676962677
cprestamos_personales_lag1	0.000552129922922585	0.000208194127107668	0.000804375804375804
ccallcenter_transacciones_lag1	0.00054370704476486	0.00105157546196203	0.00171600171600172
Master_cconsumos_delta1	0.000542141403263079	0.00118607255982954	0.0015015015015015
Master_mconsumototal_lag1	0.000515152281518897	0.000339324018998222	0.00160875160875161
mtarjeta_master_consumo_lag2	0.000509395380667844	0.00039716568978854	0.00101887601887602
Master_mconsumototal_delta1	0.000507890201331797	0.000192190536698688	0.00144787644787645
ctarjeta_master_delta2	0.000494328706210567	0.000989276690211033	0.000429000429000429
mtarjeta_master_consumo_delta2	0.000479486368875207	0.000983938779345814	0.00134062634062634
cliente_edad_delta2	0.00045714494562852	3.95716917430061e-05	0.000429000429000429
Master_mpagominimo_lag2	0.000445008482307046	0.00252027253625301	0.00134062634062634
thomebanking_lag1	0.000438364726513633	0.000120556272195098	0.000965250965250965
Master_fultimo_cierre_delta2	0.000429154216887103	0.00036895090661978	0.00107250107250107
ctarjeta_master_transacciones_delta1	0.000416740576183417	0.00121512758415612	0.00128700128700129
ctarjeta_master_transacciones_lag1	0.000411210791421012	9.77722399080677e-05	0.00101887601887602
Master_Fvencimiento_delta2	0.000401087381403775	0.000422722439879573	0.000911625911625912
Visa_status_delta2	0.000397878305129905	0.000826872975616126	0.000536250536250536
mtarjeta_master_consumo_delta1	0.000395261907952946	0.000533345610476312	0.00112612612612613
Master_status_delta2	0.000394956350495742	0.0006527628370907	0.000482625482625483
Visa_status_delta1	0.000385371004409691	0.00055498903684622	0.000375375375375375
Visa_Fvencimiento_delta2	0.000378884579989582	0.000155253472987229	0.000750750750750751
mtarjeta_master_consumo_lag1	0.000357943922295839	0.000720897267022326	0.00101887601887602
cpayroll_trx_delta2	0.000355088745102953	0.000335281967523113	0.000804375804375804
Master_status_lag2	0.000344431295071351	0.00597217981498746	0.00117975117975118
cpayroll_trx_delta1	0.000329513012711777	0.000326711819780576	0.000804375804375804
ctarjeta_master_transacciones_delta2	0.000304587397738483	0.00278374782209901	0.00112612612612613
cdescubierto_preacordado_lag2	0.000295189618404707	0.000251665879712298	0.000804375804375804
thomebanking_lag2	0.000283434790437065	5.07772476852954e-05	0.000697125697125697
Visa_status_lag2	0.000282400829466963	0.000471123295209496	0.000697125697125697
ctarjeta_master_transacciones_lag2	0.000259984178952598	0.000824419346608363	0.000911625911625912
cpayroll_trx_lag2	0.000242514277020086	0.00027050226087714	0.000804375804375804
Master_fechaalta_delta2	0.000235459911707789	1.81552943210342e-05	0.000375375375375375
internet_delta1	0.00022386972892673	0.00028179285515388	0.00058987558987559
Master_status_lag1	0.000208419016365012	7.0272870984179e-05	0.000214500214500214
kmes_delta2	0.000198745292017663	0.00107597132176259	0.000375375375375375
ctarjeta_master_lag1	0.000170766721255693	0.000493358869247732	0.000536250536250536
ctarjeta_master_lag2	0.00016632935334771	0.000435354923470574	0.00058987558987559
Visa_Fvencimiento_delta1	0.00015457355936999	0.000152652392188538	0.000482625482625483
cdescubierto_preacordado_lag1	0.000147082339014675	0.000324842536759082	0.000429000429000429
Visa_fechaalta_delta1	0.000135708305591586	0.000111238723311246	0.000321750321750322
internet_delta2	0.000135460296926647	0.00029512358928922	0.000429000429000429
Visa_fechaalta_delta2	0.000134956321981347	2.64734477330434e-05	0.000321750321750322
Master_Fvencimiento_delta1	8.93978211071939e-05	0.000138855897634236	0.000321750321750322
ctarjeta_visa_lag1	8.69295653194771e-05	0.000421635665568662	0.000214500214500214
ctarjeta_visa_lag2	6.67036550457163e-05	0.000117799157755214	0.000160875160875161
Master_fechaalta_delta1	4.98865942621705e-05	0.000134628946294312	0.000214500214500214
kmes_delta1	3.47804207943317e-05	4.88697364217086e-06	5.36250536250536e-05
Master_status_delta1	2.5419623566841e-05	2.45752984879282e-06	5.36250536250536e-05
cliente_edad_delta1	2.2270713027404e-05	5.80445145238684e-07	5.36250536250536e-05
ctarjeta_master_delta1	2.14439065971613e-05	6.79526507396362e-07	5.36250536250536e-05
